2078917053 143302914 1027100827
1953210302 755253631 2002600785
1405390230 45248011 1099951567
433832350 2018585307 438263339
813528929 1703199216 618906479
573714703 766270699 275680090
1510320440 1583583926 1723401032
1965443329 1098183682 1636505764
980071615 1011597961 643279273
1315461275 157584038 1069844923
471560540 89017443 1213147837
1498661368 2042227746 1968401469
1353778505 1300134328 2013649480
306246424 1733966678 1884751139
744509763 400011959 1440466707
1363416242 973726663 59253759
1639096332 336563455 1642837685
1215013716 154523136 593537720
704035832 1134594751 1605135681
1347315106 302572379 1762719719
269676381 774132919 1851737163
1482824219 125310639 1746481261
1303742040 1479089144 899131941
1169907872 1785335569 485614972
907175364 382361684 885626931
200158423 1745777927 1859353594
259412182 1237390611 48433401
1902249868 304920680 202956538
348303940 1008956512 1337551289
1953439621 208787970 1640123668
1568675693 478464352 266772940
1272929208 1961288571 392083579
871926821 1117546963 1871172724
1771058762 139971187 1509024645
109190086 1047146551 1891386329
994817018 1247304975 1489680608
706686964 1506717157 579587572
755120366 1261483377 884508252
958076904 1609787317 1893464764
148144545 1415743291 2102252735
1788268214 836935336 433233439
2055041154 2109864544 247038362
299641085 834307717 1364585325
23330161 457882831 1504556512
1532354806 567072918 404219416
1276257488 1561889936 1651524391
618454448 121093252 1010757900
1198042020 876213618 124757630
2082550272 1834290522 1734544947
1828531389 1982435068 1002804590
1783300476 1623219634 1839739926
69050267 1530777140 1802120822
316088629 1830418225 488944891
1680673954 1853748387 946827723
1037746818 1238619545 1513900641
1441966234 367393385 928306929
946006977 985847834 1049400181
1956764878 36406206 1925613800
2081522508 2118956479 1612420674
1668583807 1800004220 1447372094
523904750 1435821048 923108080
216161028 1504871315 306401572
2018281851 1820959944 2136819798
359743094 1354150250 1843084537
1306570817 244413420 934220434
672987810 1686379655 1301613820
1601294739 484902984 139978006
503211273 294184214 176384212
281341425 228223074 147857043
1893762099 1896806882 1947861263
1193650546 273227984 1236198663
2116758626 489389012 593586330
275676551 360187215 267062626
265012701 719930310 1621212876
2108097238 2026501127 1865626297
894834024 552005290 1404522304
48964196 5816381 1889425288
188942202 509027654 36125855
365326415 790369079 264348929
513183458 536647531 13672163
313561074 1730298077 286900147
1549759737 1699573055 776289160
2143346068 1975249606 1136476375
262925046 92778659 1856406685
1884137923 53392249 1735424165
1602280572 948226274 139945807
859319228 997190470 145762188
601260868 1186132673 654789843
637386723 1551459088 1445158922
901735653 2064642546 1981806453
915407816 230719972 1564620882
1202307964 1780479710 1116710290
1978597124 1776342130 944476248
967589851 2039267176 1037254908
676512889 1775921451 1090647157
264453406 1230718375 2038873431
404399213 2090037603 888580254
550161401 543814824 2074712927
1204951244 1181201547 1478688367
502626519 2082937200 1395847265
336949324 850861369 1626567238
1901570207 2053169333 1259563300
870796849 1884282809 888421782
1815273097 704389012 780205310
705044357 1380901901 408643114
1795691515 1645355307 1639361489
1687081298 2049754520 1581915445
428177904 452432274 2125730269
355407183 1657383518 1159448168
1834095550 12526389 1094901721
1082459168 349475714 1945763090
561542758 103562273 1851448775
1821106058 974359122 1588247936
562044192 642148571 145153300
1342249502 1347192929 1526055202
1750892616 995400796 1023926861
1242770458 534998446 926197734
677202255 963176351 1378630008
655448876 1318583534 888529878
1814897044 1005195437 901056268
762315117 2087654605 1250531982
560594559 501713715 1354094255
264559686 175336125 180969729
1852807622 737380317 823118300
1997960923 2079629819 22827581
1376532477 1683038788 1018228377
252975690 778325598 1553226824
1179173424 1455527853 368919527
410319784 2110976729 1687503061
1298849663 1778390125 545214850
52422283 393221595 485385807
1302954265 953816154 987099522
509564872 1218375841 1162435647
690534601 923699815 1899815964
1513652901 774177090 1831962136
1536480483 3225919 1367517276
407225212 256201610 2145842874
1960452036 1435375034 1453887079
181887915 1845694819 1417380160
1869390977 997060834 1048286637
267122179 1049483117 1441508232
752507987 204953734 247840739
1739607509 714518606 1466216580
754559509 1405053207 242432747
506891825 771222460 1016609838
191370313 160219295 1019835757
1558887589 567444508 1276037367
1557246815 380412896 563928754
863650246 562300812 262139925
133546758 284208141 1259200759
1181833396 551330320 161200228
475857980 1303838307 366153962
723698719 895962169 1080672568
42431651 1650521678 338242127
284864399 9929855 1109464587
1301474237 201300169 1269683883
173826346 1760187758 1837128391
1449863714 1169950926 70057639
2013792468 2033601172 632358451
128448745 19664283 916566592
1387649504 1201497679 1467896913
1548849732 1677355659 624251572
1915003694 253570731 1520213741
848192614 296002382 1023251771
1186434741 580866781 1033181627
148415680 1882341018 1234481796
1418099563 2056167365 847185906
1107744306 1358547431 2017136832
1177801946 1224856251 1903254357
1810160397 1353304996 1922918640
579243342 593470852 976932671
2047140255 2142320584 506804682
523908179 1909840630 760375413
2044121921 610549596 1056377796
919890044 1796984337 1637244577
1953071671 1945400017 1372101948
1040069819 1216015933 1280785665
1887255726 176276591 491849448
1756908910 1354078537 1716705699
1512679619 1016755287 922527047
1288114611 1595998629 1515997899
117563634 1495655236 1510834835
624368317 2019563415 1273191817
1384743730 1916201688 1883741413
293637878 688608085 1533242102
1930882456 494196108 1331158471
1155500756 1534265928 399690756
288802773 1274038006 575967348
780652221 883463268 1930045885
349874272 248659240 799317524
1272401319 1536773851 247832505
640915570 1654337486 1743487741
4266757 131222155 1615567509
1277458574 1515965885 1384285549
1013716339 1809603764 2072893634
399474793 1593002572 419606095
1730633264 601019680 1953872023
2130324021 889822453 1080426381
558807721 1670474674 1963889649
341369958 2020348946 65065241
1140687483 1145266617 1601839093
1388519988 1786182187 1108692931
984524082 1790448944 1239915086
452607943 920423870 608397323
1836893492 1934140209 270517439
1762303479 186131354 1863520011
34425926 1916764618 317056043
1988297949 1899604991 1206878496
921240682 310929064 729869522
737646683 652299023 602734820
802711925 1792986506 1748001437
257067370 1034022846 1386699976
1365760301 2018546928 1029665272
458191739 323671223 1950089142
1066589062 13081068 1736745703
1337106502 1775384547 1922877057
1053142865 1809810473 1692158028
1370198909 1650624774 1444279371
429593757 424381808 1755208436
1159463280 1162028491 260023811
1762198100 1964740416 2053010317
1362715890 74324138 939549515
601932218 1440084439 810612796
1631597491 1898276178 1134284019
1434202985 817381593 1147365087
1023465041 7004447 775265986
798858450 1060147312 437592811
343532830 282862573 2088217585
1787812202 712456331 365115745
1395536990 1871919611 1527144237
1655560801 1486634063 1344401005
1561087470 701866305 1418725144
353153337 1303798524 711325935
1163766133 787912367 462118466
150566505 74631704 1279500059
1297931592 1098096745 1286504506
2073197579 1896955196 199168170
363306742 93004378 482030744
304040680 1880816580 1194487075
669156425 1128869922 918923038
48817014 636947075 258073453
1393218020 50550897 959939759
664459516 403704235 116254635
1375785451 1567470368 904167002
1837903917 1718036873 978798706
969920328 868484818 2076895452
108941186 794198749 1826367000
308109357 1157505491 1919371378
790140101 1461546171 1652704311
1984627176 2130702597 634090585
756066566 32035963 1271037661
1014140019 1425253983 1321588558
1974079778 2089713499 1725292793
2090334413 1318015303 1145279514
847017767 1008435572 715832739
1825816474 1978355901 1584317557
1755228278 2087297087 231032658
1434111630 247922796 1388538150
1205999360 1038062897 702600673
711220023 875206425 685819622
1345310609 1631272991 717855586
468864622 497929363 2143109569
1790453180 324525493 2085339421
1368262326 267376259 1255871076
366058192 1114394026 116823000
1081890931 792726852 2095178901
518724841 400471482 2034992341
749757499 1834583112 135431489
2138295649 893098825 1173494387
693412675 1604318848 2048700812
1379232297 802145809 1532490156
2097087883 1271010431 2030419519
2092713805 913979964 207461364
2030569578 134758642 474837623
1138957006 500816834 1589231650
1255780006 1582707765 234474854
1203475260 2101432606 634946337
1090983953 703706458 322045801
1226415442 694518459 1215144626
252426181 1387931134 671979827
153643346 619679784 1474125636
1686133502 569284019 597652420
1569069373 514514176 1511632384
1776530737 397600106 1646391026
103884713 1536557112 2147207860
1693116363 644853471 1582431977
1927591217 1848328731 1536380936
415053906 791829036 92603746
737099708 2018244478 787122205
1952244334 123187012 27569692
476740513 276830358 647249476
1950866150 1962963860 1216533495
401034922 1384549585 1731047672
1912667306 1013596674 2128647778
1411574684 1117481387 1517721243
1411298896 663114102 15091066
846247225 443221672 1863419797
235144513 858275578 507765185
327748259 1595375286 378526015
1114870465 1400135973 501713027
1142440157 1876876486 778543385
1789689633 1680258988 594023597
858739480 2081293910 1978573182
442303504 1846477568 844686209
423467635 1110568604 1962167596
1941188878 374383852 477798051
1956279944 1220631078 921019723
1672216093 1455775591 1779295301
32497630 1783523851 1227186940
411023645 750910668 479839265
912736673 1893350825 209232103
1691280058 1535556810 1889491092
137820008 246812642 1823301354
2116393190 689116147 1522295275
813595751 1112583782 485380231
628279700 906289012 859764084
1106077751 715085308 2080395162
2027097474 239817753 1388687105
1658909127 272315383 1024727308
738612419 683339028 1775637976
1218451684 1596075701 1521505153
1427683788 1139872112 909578315
1169691232 1277692120 1156390958
845508938 1246601662 1845507105
220320565 2060197414 810607239
705700797 540993466 1716896251
1565464881 1647071217 284497911
1498376395 1526685043 524315664
739579852 1038110522 796631047
1764307161 1776722942 1479970075
1392461489 847690978 928562129
766482995 127891118 2068434241
1676061310 1297582350 1198642713
684968620 2143091289 297760727
382992077 215928206 210474493
1193599316 921629003 751467959
763011919 339610236 251055528
1047509830 1837986631 1777740571
1571825494 430082836 668367446
220972893 46906349 297606740
1700942969 1439367838 1145297718
482021450 58367185 1273188837
402972043 1734428496 423287539
1601614756 271913468 418895180
1899375483 654905546 634823387
2109849977 1848504862 1556452390
713834288 464033134 1896062627
964889817 1511542964 1586565610
595146740 935884811 2016648446
1263514186 1156857704 2063554795
1561120926 710317025 1355438986
558934997 1192338475 1413806171
1832123834 1595310518 1000751019
107927725 1049441626 1272664488
526822906 801333462 1927570034
1161646293 763699791 1628591248
570615035 1477534079 2092624382
319194014 294940248 1456683699
1905759625 890086989 245084862
1774924423 6117527 1401942566
1690995571 1567238454 2112259592
898950909 2126173451 1157114419
165273432 1810813637 604941290
1166024452 1918741362 1654382916
291205292 298080620 308232730
71291678 1459726913 1071932521
1699882926 2030341949 401982953
1645023661 202052315 696923201
954223712 2107811940 1587010190
1199308574 1735252716 1593127718
453767492 1278764639 1012882524
418543436 30231900 991572327
1575657856 195505332 654902316
33115498 1361529784 426160030
1687498414 1652735076 724240651
1995731145 1724026754 36483916
920180018 1276426033 2066825865
1322162971 773966046 121394533
2019086173 1728189758 81722825
1458612715 780014684 1816975541
904256785 1233782176 948256532
1917139309 1652325613 978488432
761227988 1080499821 1173993765
1416130304 1113615319 388039901
1842290335 653630085 2040774978
419047338 501877582 1617318084
455531254 1422057601 746260469
374873472 596736924 1520226515
496268005 468339449 1100932625
577990830 1926952165 1880947309
247482724 683725302 967245838
1195739256 453380964 472087803
26744041 1214608952 1552587624
1200737806 483255609 518719295
1588777707 178062296 1172349380
1482069037 597109634 1674226963
951903474 1052640888 948800916
1698163943 1427514360 1545537840
1070906811 1923782365 2013877290
24355788 354289548 1793345807
1905303098 601772272 329587461
725065288 1797511528 782968425
1197153091 1824255569 1997577378
602257067 877509727 333349339
1120976362 318803787 511411635
145842094 1800872824 1108521269
1820069057 605292650 13678509
621386325 155972946 1441192870
19440518 1226879757 1217491587
2033317808 1251235545 1571781135
1679179967 1009054995 26069759
2008767428 1734120283 1823581288
644252206 783789726 1500353209
494345936 1386046793 230379289
827695275 359539507 549183076
1339106910 505381602 202572252
300144531 177967011 807864903
313823040 799353337 963837849
1755015910 818793855 43233958
825023850 704628015 1294469503
249321337 236324334 156040851
275391097 97608114 1890161134
2098972385 741860320 526467213
1451841946 1236206256 1912514006
1682221235 2063901531 124569866
83920663 1255524793 629951468
286492916 1555669324 807918479
1094357819 1869492365 1607271816
2058195668 1477024627 278582023
2101429626 154564829 983210038
1248415481 403886167 1219534372
1404456332 679277264 1317142487
1147133819 630766001 2059002807
1673601032 2082607947 1147725416
1438631390 1617345535 1064143299
1563201256 1701266198 172184445
45669076 1987759114 1727853769
853587556 934633285 1449862486
313375724 845345305 779403466
591957748 799291283 933968295
1575167786 2047706765 1337854462
647218511 1304679449 2017131726
1964360998 304329620 500414079
1875880157 1977930652 435538379
876121925 1269078395 2052883914
1940265225 684796003 1606666464
2112449670 730465080 1446941931
1692819791 1584052636 234091568
995198630 1897428360 1079436874
1774602096 341902460 1878728157
561086743 1917070247 1778951274
1898941206 416805110 936147076
1768589284 233682460 1240476696
121519716 2109562617 1070923701
557058095 838200895 192518448
462458361 630982472 877314451
2069124825 595948494 1607779531
1368583108 141284637 1044348519
1602674677 1136483267 794293232
534627903 763601715 1136195692
265872412 1324688459 905782291
2044823687 1076146017 1322587401
833487115 697251653 1556269861
2073963811 818771369 1518348831
997403864 1375829464 209066078
1189922312 1838287825 840048550
2067236764 1759929003 1435997044
1527532647 981028463 1577281681
424397519 436219492 566281301
1218690751 970847395 1329883016
207402795 1236719808 507087827
1113185087 1134059847 1583233844
288288840 1967546962 133001850
1844558702 1894027125 951773219
1215423885 743947342 180119036
1424489963 1933869654 2018406861
117054865 1853622770 1630852216
1553051909 1233671770 464397032
982849942 1658069289 900616524
1549131243 729276392 1871463920
731530612 936679187 960700080
1238618439 2049864274 2094759927
674368636 190669467 1914823241
807370486 2035228169 1661366718
1759143705 1103168406 257830412
1939262741 380174721 44216419
1810185955 497229586 1897839189
1293554523 2050281495 984027311
1757951555 885647789 494612952
511084432 287295385 1223889344
235064704 1018825997 13084884
1195764784 109960788 2062949158
1143041063 784329424 106134977
910380656 1591699910 2141363146
424263726 1203359968 1097047904
682094139 995139061 1477222625
726310558 657841368 1974452211
476666099 1951395892 1877250058
1460693411 1561863799 615414200
1955306363 2072948231 902709585
1031712060 160529287 1921535582
1044796944 1356294071 2031496370
960262454 351851486 668342147
1066397432 1262232142 112558409
1060276930 1686495869 1315918377
9841187 221106360 163573791
1487063812 947416918 821415159
1314032376 1424083017 625327403
1043798786 737292780 39707555
1659212986 545115496 2112655786
414438923 1576827556 125701426
188490857 474140852 1481995497
72503580 1434403306 1833846984
740845727 353317090 948595478
853404136 1413594021 487607699
21838866 1423435208 708714059
185412657 763015372 1656130977
1006827816 2077047748 932730347
1632155220 973362887 1670023127
1671862775 485092225 67654975
1637034913 899531149 1644482531
1762736339 1088022006 2118623383
1097248189 1160525586 1405543042
783611525 1901371313 1758860132
1732207003 607291802 1024970505
72331055 629130668 300922065
781045114 814543325 1063937438
289692444 1821371141 993501538
1222422791 1306042713 1966864425
744962270 830421840 304473003
812617246 319973106 1204004152
309616129 2082709445 144542510
280755865 1032473986 1305068097
1686298907 1816085511 1058955762
1297675391 1400808867 1666247564
175162249 1473139922 147894584
476084314 106701388 962437909
1540021752 396393832 636325403
386039643 1618816623 1942368116
205420420 216295246 625306309
509893423 1028912492 945279415
1713897575 1338528621 880505212
1858440086 1619284486 1912979199
1016024535 1158099745 1581581062
2074980297 308291489 834906281
1593744214 483453738 160562555
1741638798 959538052 267263944
556593060 352076157 663657776
1192918463 738115800 134990752
987802931 943536220 351285998
1613109240 1453429644 1380198490
410905007 1019843571 571243463
1291410220 730800009 43044302
1056905771 1746824544 1201144047
491003185 1674321194 1509435536
1325909467 1120581760 1992889274
1486472022 714736910 804943679
1753735966 1271329970 1157019836
269910095 316764785 1895135636
404900847 1304567717 691188208
756186845 770193309 2144617852
2136385335 1181098317 1016977776
560145150 325024889 1747777785
603189452 1381930660 1347118682
1804333500 1872933845 873956228
1166285388 1051359664 1994537988
1011691015 390348039 561791250
1816634694 2144084005 1833121221
826170882 266510452 2402358
573822870 671411299 1306970075
1265011078 1427598144 2077163385
1262145283 1416499831 1110778054
131639411 1976644982 1435802943
1879417196 432350786 670249955
1079052230 89200638 395700152
1953008458 1255486027 1447059817
1800062798 119693394 1837407856
214370401 1936328088 1834008213
2047491622 615015322 2100518666
2049893980 1188838192 624446317
1209380408 306365622 2052044462
1139060145 1568510905 1321060645
102354551 1700150316 1150221979
1538157494 1432083865 1582572766
60923801 363652447 1671773404
456623953 169177258 779775783
1903683770 1969240056 899469177
1593607978 36126809 688313617
1280132544 2083618431 1303328939
1233167562 1986028764 344683483
1857613879 1047925524 651049106
1762174693 39502021 72076363
935751691 141856572 1772226680
2085973670 1680014066 1056826897
1521062788 1740937867 1420479344
1045352545 50078172 1589656602
1825128328 1953761943 1411413011
577113858 1399886273 1447539820
1265427475 532535169 1383674604
421272767 1765702731 1222219720
765956250 1475832963 122661596
1417005356 1090524008 162163617
1489081720 2026275699 304020189
1113824752 1964765722 1984034255
23168001 1338344862 1577488474
1443647345 236213759 1627566646
885820300 2061342088 1433844941
149749663 490972298 686247567
1597289483 1756399773 1218782736
833480439 30188892 837001820
2055700159 796145143 165351135
30878107 65666851 1255875143
193041724 1554748571 1134667195
497061913 521089675 951949269
333612520 544257676 142810483
1911100994 1987905022 379024243
1391183993 726241674 292882683
677545286 875991337 783854981
1363792853 325797172 392771106
435091942 1159277612 422959999
1272093762 1067494123 1219105142
1437444897 1098372231 1284771993
545836392 1291413955 692036917
1680503587 1788475869 1213126592
484969208 2122088389 1757384269
627779692 1885705736 1597805643
1006803935 1129406081 176563669
1299686618 1806951367 1052555006
2083541599 1023260573 1378352178
328829057 1458352515 390146142
751789056 582962629 1457640266
1970894198 2020407526 408528849
1108182544 418760270 1699942804
1800219461 2099263858 1340935025
865862405 436749418 1315539767
475763026 1064529110 1053761855
2073568669 2071333045 35684288
102648690 1223536015 1842635655
1155203696 1159593966 718412580
386072227 1488423024 29281447
776218369 92728432 612244076
86374987 2063622631 485167954
494903836 1024321527 903928225
47362993 677057340 855708435
1388298018 1542919745 1292457853
556354137 2018682772 209503316
1610115992 1944767793 133352713
1645800280 2047416484 1356888729
1340952288 1055136532 368999047
2059364868 1441208759 1857422071
2088646316 69943481 1950150504
553406744 156318468 1866289487
1038574699 651222305 743127366
1942502924 698585298 1420184706
650727711 2086883316 815620803
1943185564 495753806 686819927
5205232 2105869798 484104073
138557946 1604186431 384036909
1495446675 797655071 1439173441
1864445722 709536291 732898553
1574384146 650698959 802842034
1377051002 1204105704 959160502
1095856841 95196755 1610382807
1838984207 2037699679 161484457
1111685265 540943742 100884126
1927306068 336645658 596637932
466642348 341850891 555024082
950746421 480408837 11726865
1334783330 1975855512 809381936
626473123 1692817586 1518918228
1359371676 1119718084 22133539
14730062 349285438 1226239243
973890565 1445142279 1321435998
436789724 1136642838 1211652029
598274182 100844455 1752595771
699158308 2028150524 2089241430
1295796240 347309224 283608673
1850820322 1298055645 764017510
1862547188 485355327 592389374
524445476 1111828450 137723312
2043363704 323716479 1257441397
2065497244 338446541 1606726835
1144252839 1312337106 904385467
318205190 1749126831 2041028305
1529857219 199917365 2141872761
1134969343 899075673 2022539637
1076727125 47388265 222365213
1360335798 1898208587 1520420858
2124353308 1613272127 2005776185
569259034 2137717604 970120987
706982346 2033597660 1293837466
1964423743 1951611256 1632284008
1423666931 948380448 797137466
180568750 1266585638 398780649
74113407 648959209 598698014
68502520 1783928552 1497773687
2091042157 713172029 1545161952
165923722 2073507827 1295886892
1686344580 2050377487 761675371
1544637117 472152873 751909327
367274457 1179135220 638023340
1661111923 996075315 442150948
1145912283 272258598 1390531396
1943049750 452827348 509633386
194346751 526940756 1158592596
793044766 595443276 795037500
143334805 539001786 1508209530
1688496758 704925508 1434233709
836900002 243786441 1337127549
1598575373 1788423558 1809280422
203001053 8214367 840931994
841024393 1669326291 1837007310
1283175341 667754926 2109265908
526223090 463321028 414609609
1035856476 657667780 941550365
46965424 1450712546 1536993641
842002925 1594047351 2075995427
202728807 1135060461 633437288
1636962516 1971960463 877223729
826606417 1423052189 518163639
488403192 1626053242 526378007
1329335186 319593987 48220650
1018858848 1602769328 715975576
980641109 2128992418 1179296605
1395250718 1017365247 1836964385
189317435 1064330671 1140193283
1726311076 1906333596 586756986
1654822856 2109062403 1721817448
140776496 1598541272 1546294263
1018000225 277664041 821862804
1536163864 766067233 300432398
2062541871 2095402420 620026385
2110762521 966777620 75312066
679254450 1947418729 56820836
1858551055 1195185799 1074186083
1548031792 1384503234 2138516755
540741427 963330663 1897366703
1127498413 470669871 1858945459
701832213 611446367 1310003083
100642829 1629446592 1587667124
922505633 1018126808 206250710
1222938032 933185032 154169482
1842964417 896463905 1120947102
1918276483 1575718355 920882184
1975097320 1286785762 2116067983
901799755 687333906 1353087570
892832862 1228075333 168934585
642715918 208090099 639604456
354177729 909922312 1251050823
1664180812 1010565141 733013767
1104364288 1933070775 1751140575
1310614998 1008525159 536841959
1464784480 704005928 1433305865
438247935 474798764 861540572
1359130119 302412436 842687
1327714454 1204212191 688176593
533318376 2097045054 1916251927
702252961 592277324 2124342026
1341857417 946455053 886780690
445424592 463152217 1897345832
1178438359 1567516505 1682932959
782095287 730647856 543974470
1318937246 47948688 1247980398
604759463 486196623 1722779162
1466300036 1845326742 2025191598
1467142723 1025557549 1081920142
7835668 1558875925 1031481548
1924087595 113645239 1623758872
1900945973 1455502656 422730277
640243016 1900927249 885882494
390105200 931881960 305915351
2073038159 1713977247 1036563207
469528981 885430846 1084511896
1717509379 1490190309 1570708519
1292804894 809006697 1268551614
1170512844 128665772 146625515
104949338 136501441 1705501440
1136430886 2060589036 1819146679
612706110 1814051362 1127165688
1035436387 306810730 880609289
1921318881 696915930 1812491249
79750585 622470441 1378984849
1116313792 1091999422 116932047
53342040 662025153 1607122356
1624050560 1954830047 268645406
745118526 977859244 397311178
891744041 1082808582 533812619
449761833 71755821 446918008
121424865 684461931 113485722
1248590553 1719898319 420296452
2129199842 1493733552 1117212382
1794207443 1573484137 1739682823
1025708644 542314282 684198597
1142640691 595656322 1346223750
602279400 72223234 1153570150
870924806 817341760 2131429394
1268235984 1709085801 1066754328
1802048604 11363987 1138510149
101482964 132788852 1822972081
214968686 1381379405 1395386752
635265138 1363095599 741636656
1752477520 1009819394 167637146
1344676695 2035528039 709951428
2028875292 1030685082 1305607750
1227615394 1632964482 1377830985
233701896 356405640 47689097
217647642 1624641625 1756774899
1284401971 1279206581 1768138886
275428472 1380689545 1900927738
2098400553 1595658231 1134823495
1346303657 83439721 350435446
2087940314 1835917241 1360254840
108093812 1033110288 1248299231
818045240 914501932 131500666
2123652990 2142117326 1764465148
1354000327 228335575 2120870789
1401689425 445983217 1598028766
1010980676 1730385188 729751699
631635914 2005813661 2110441244
385080004 1956730566 1558615827
1519903499 1155550576 1642055548
1870338945 1096007242 1330489141
1083110137 1204101054 216115781
183925721 2022146294 1130617713
315426387 1998315636 1125251391
2079891535 1204832316 1353586966
2053278676 459038093 1799570184
1503823794 1470018769 1382471724
86091845 2101654683 1240801737
49049441 339251039 1050048656
1607665268 1859154538 58115584
1102237168 1582009835 1154122826
285242661 517636324 210740232
501358442 701562045 85402878
1631976155 1016988432 2083718514
609743899 949396320 1141067182
1963330865 855191348 1600105275
1615417401 211531495 922640396
850405478 297623340 876811431
2091207215 346672782 1216062470
993772223 1954338050 927733360
1051887807 909091571 362259547
58526985 1194334232 879895872
269267217 1695692675 1581457917
354670095 1180185182 450962702
290904962 1789929081 1400359022
1431972144 1605776299 108066722
884593772 1073710052 319598217
1807234168 1924115530 617221558
536561952 1867839098 963894340
1752624422 714127673 770748742
532874135 1766015481 1679840313
895133682 1824542466 726690898
1775029554 2093809684 274899925
1209003824 300996131 1455085107
1659966526 591901093 1097530541
912841900 2023873238 555823192
1020908622 760983362 1629533244
1340506840 420733882 1406165127
1957728398 957295834 1126520577
774139090 562436609 1840648250
1544887832 1095310744 1459180083
1077244498 1990444426 1136238902
1803935396 1617990333 1082564938
2078835321 679510509 1383561069
1386436780 191993387 1975462163
336483673 1104835287 1851851753
892306865 2125743909 465351467
374356462 1318767101 886085349
1780521589 1129011851 1843381184
759558518 1903150941 258334145
452723120 1300555126 1353644889
1911903204 230315976 1196605667
900658458 2034251372 667112352
1983223396 1965603045 1346622861
1219300817 1204556177 1538616248
1047279332 1541039851 495967887
751647437 285863068 474228149
1216998904 660219530 1792995250
2103084254 293257471 774523454
1798981790 1052815989 530190747
2057315935 1505539110 1830745873
1263477176 1269958666 2061061849
312599195 23133476 1947829573
979711548 2006356872 1765948970
178850761 1078174041 823021500
1717467010 2125453374 216577703
65951249 729617163 502440771
540179398 1946616068 1162660302
185691001 1902216674 1455917773
960214455 1553714816 361250115
1490405202 1463547103 1866789225
1173667428 579540631 989264243
1087245629 892139826 1012397719
887591555 1871851374 871270943
506056877 2050702136 1949444984
1329078377 1620685498 1927414710
1545656080 1686636747 509548226
2048096852 79332498 308680646
1063273506 265023499 63413672
371707631 1225237954 1617128488
732957746 568159508 933191943
452263323 1741826936 1512732574
1441527566 681588918 257388752
306441637 1569180473 2129240127
1177712580 2075237350 2032458615
979673917 1256832080 1505660465
759604979 655004512 1044813564
1269153205 555617716 1124146062
1577833851 1618891222 1389169561
1641247523 1990598854 466923867
1110892363 576072952 1035083376
2044084306 1028336276 629426664
1409333232 322380194 1311015582
1666721985 628821832 732712407
1648478464 1806534412 660466110
1533453431 638724681 1917298190
891630248 1398329661 424819054
1936443812 519999218 980436771
913106227 2097833070 451844345
154792140 1591596945 294959551
621716008 555005661 871032504
1656799384 451606319 1899368780
138742400 1860939552 74265326
1449757983 1380177889 703087158
34986742 881172705 362137923
695452852 267142488 1000862604
465267394 1158772736 251708617
890086449 947732900 771707836
1870523220 1860839127 722057258
174883917 2015631268 166170555
469843469 489863628 721176216
1340875973 2146663012 1172782536
1092761105 137921764 886238440
1167026431 1587679747 118932681
1870113590 1622666490 1000105386
84767865 170635694 1267247874
1085630469 635903089 278536962
1337339087 1525989538 1226269862
2109046923 1249029110 939625342
683620533 1423913027 807772962
849791088 1893756496 1297636590
1570967305 1087148821 1296815954
596266193 32426278 1434737718
1482504633 1199452710 874933818
1601437314 922082652 350116660
454059052 1006850517 520752354
1721306926 2092480986 1156655443
1999843888 1282336425 535161333
1078630102 1243899700 1784190443
2018255444 1927520233 1060619823
678544758 629827674 806892671
1976181348 53311331 1894041493
1125513654 649577524 1926467771
412767725 2132082157 978436833
1287701543 1586035823 1900519485
1637818203 2040094875 759886354
11086909 1613918153 704883693
1167742353 1466278393 1987220118
1702903686 397424847 1083636171
1339610482 268196644 863672756
252746657 946741402 1493500430
1059639328 775439103 1546811761
806197173 1900952757 48905637
585181297 166236834 33504146
1563618130 1453938377 1619539969
1316653968 944272932 1512151196
2076540322 955359842 978585701
633940367 2123102195 297380446
473676838 1678522233 694805294
1557313009 870649067 963001938
273502117 1123395724 1909743340
1767002548 35551405 537698795
1166330661 841748578 291167905
1215236299 1426929875 457404739
1248740445 843064358 1911343117
720796767 12234678 708132401
85464315 2088775000 1663492243
1064050017 575231720 1639110790
1361430463 1048908558 1170149376
2056235757 458737919 2040798443
871754047 732240036 1016710520
634013740 351758936 1052261925
1171712535 1518089598 1894010503
1462880440 585842249 1173456731
1920285180 1834582694 2016521089
1684144649 407895813 2028755767
244793402 493360129 1970047119
1908285646 1557410146 397795191
1399912788 771356961 1446703749
422578516 680109071 1905441668
315893312 1551863118 490198057
1332603832 38393210 841956993
237382109 1210105746 212562943
2131392612 525502538 798405192
1157365695 298304070 485504239
1026403136 1982448719 893400052
907675255 79758474 1386760181
730238727 1988044120 796686679
1128033918 1240473260 1568043641
