259412182 1237390611 48433401
1953439621 208787970 1640123668
1037746818 1238619545 1513900641
1193650546 273227984 1236198663
264453406 1230718375 2038873431
148415680 1882341018 1234481796
984524082 1790448944 1239915086
1163766133 787912367 462118466
1952244334 123187012 27569692
1169691232 1277692120 1156390958
1832123834 1595310518 1000751019
904256785 1233782176 948256532
2033317808 1251235545 1571781135
1451841946 1236206256 1912514006
1682221235 2063901531 124569866
207402795 1236719808 507087827
1553051909 1233671770 464397032
1238618439 2049864274 2094759927
1233167562 1986028764 344683483
1272093762 1067494123 1219105142
626473123 1692817586 1518918228
1144252839 1312337106 904385467
2129199842 1493733552 1117212382
2123652990 2142117326 1764465148
900658458 2034251372 667112352
1087245629 892139826 1012397719
633940367 2123102195 297380446
273502117 1123395724 1909743340
