00232154
87220189
58329492
47392222
87302991
74790119
72939119
47802831
83402928
29711312
00128391
82217609
93770019
02091900
1
37845921
47950221
00019292
82217619
92766283
49761923
82217609
82217609
82217609
16262832
00232154
82217609
82217609
1
83402928
83402928
16262832
93770019
83402928
83402928
97180192
93770019
83402928
83402928
90001291
93770019
82890189
89000199
83402928
83402928
93770019
1
49761923
1
47950221
82217619
87220189
55329121
58329492
1
78801091
83402948
1
92716283
92716283
92871821
1
47950221
47950221
92766283
47950221
02091900
02091900
02091900
02091900
72813923
47802831
18716283
82890189
1
48709231
87818181
87302991
1
0
