POLICY: First Fit	MEMORY SIZE: 1024


NUMBER 	SEQUENCE 	SIZE 	ADR 	MEMORY LEFT 	LARGEST CHUNK
	1 	alloc 		99744 	0 		948832 		948832
	2 	alloc 		111776 	99744 		837056 		837056
	3 	alloc 		64864 	211520 		772192 		772192
	4 	alloc 		91552 	276384 		680640 		680640
	5 	free 		111776 	0 		792416 		680640
	6 	free 		91552 	0 		883968 		772192
	7 	alloc 		5600 	99744 		878368 		772192
	8 	alloc 		110304 	276384 		768064 		661888
	9 	alloc 		78688 	105344 		689376 		661888
	10 	alloc 		8032 	184032 		681344 		661888
	11 	alloc 		27872 	386688 		653472 		634016
	12 	alloc 		72992 	414560 		580480 		561024
	13 	alloc 		4960 	192064 		575520 		561024
	14 	alloc 		58400 	487552 		517120 		502624
	15 	alloc 		84640 	545952 		432480 		417984
	16 	free 		78688 	0 		511168 		417984
	17 	alloc 		25760 	105344 		485408 		417984
	18 	free 		5600 	0 		491008 		417984
	19 	free 		64864 	0 		555872 		417984
	20 	alloc 		6496 	131104 		549376 		417984
	21 	alloc 		118240 	630592 		431136 		299744
	22 	free 		27872 	0 		459008 		299744
	23 	alloc 		44448 	137600 		414560 		299744
	24 	free 		8032 	0 		422592 		299744
	25 	alloc 		113440 	748832 		309152 		186304
	26 	free 		99744 	0 		408896 		186304
	27 	free 		118240 	0 		527136 		186304
	28 	free 		6496 	0 		533632 		186304
	29 	free 		84640 	0 		618272 		202880
	30 	alloc 		115040 	545952 		503232 		186304
	31 	free 		25760 	0 		528992 		186304
	32 	alloc 		55072 	0 		473920 		186304
	33 	free 		4960 	0 		478880 		186304
	34 	free 		44448 	0 		523328 		221312
	35 	free 		55072 	0 		578400 		276384
	36 	alloc 		57312 	0 		521088 		219072
	37 	alloc 		101408 	57312 		419680 		186304
	38 	free 		110304 	0 		529984 		255840
	39 	free 		72992 	0 		602976 		328832
	40 	free 		58400 	0 		661376 		387232
	41 	alloc 		71328 	158720 		590048 		315904
	42 	alloc 		26144 	230048 		563904 		289760
	43 	alloc 		55968 	256192 		507936 		233792
	44 	alloc 		17824 	312160 		490112 		215968
	45 	free 		26144 	0 		516256 		215968
	46 	free 		57312 	0 		573568 		215968
	47 	alloc 		49120 	0 		524448 		215968
	48 	free 		71328 	0 		595776 		215968
	49 	alloc 		87200 	158720 		508576 		215968
	50 	alloc 		16928 	329984 		491648 		199040
	51 	alloc 		10848 	346912 		480800 		188192
	52 	free 		16928 	0 		497728 		188192
	53 	free 		87200 	0 		584928 		188192
	54 	alloc 		110112 	357760 		474816 		186304
	55 	free 		113440 	0 		588256 		387584
	56 	alloc 		36640 	158720 		551616 		387584
	57 	free 		110112 	0 		661728 		387584
	58 	alloc 		90592 	357760 		571136 		387584
	59 	alloc 		32 	49120 		571104 		387584
	60 	free 		115040 	0 		686144 		600224
	61 	alloc 		57312 	195360 		628832 		600224
	62 	alloc 		113952 	448352 		514880 		486272
	63 	free 		101408 	0 		616288 		486272
	64 	alloc 		88160 	49152 		528128 		486272
	65 	free 		55968 	0 		584096 		486272
	66 	free 		10848 	0 		594944 		486272
	67 	alloc 		35424 	252672 		559520 		486272
	68 	alloc 		7584 	137312 		551936 		486272
	69 	free 		49120 	0 		601056 		486272
	70 	free 		7584 	0 		608640 		486272
	71 	alloc 		60960 	562304 		547680 		425312
	72 	alloc 		36704 	0 		510976 		425312
	73 	free 		90592 	0 		601568 		425312
	74 	free 		17824 	0 		619392 		425312
	75 	alloc 		44512 	288096 		574880 		425312
	76 	alloc 		34656 	332608 		540224 		425312
	77 	free 		32 	0 		540256 		425312
	78 	alloc 		85024 	623264 		455232 		340288
	79 	free 		36640 	0 		491872 		340288
	80 	alloc 		42080 	137312 		449792 		340288
	81 	alloc 		39520 	367264 		410272 		340288
	82 	alloc 		79840 	708288 		330432 		260448
	83 	free 		42080 	0 		372512 		260448
	84 	free 		57312 	0 		429824 		260448
	85 	alloc 		79840 	137312 		349984 		260448
	86 	alloc 		110816 	788128 		239168 		149632
	87 	alloc 		61664 	898944 		177504 		87968
	88 	alloc 		51808 	960608 		125696 		41568
	89 	alloc 		53152 	-1 		125696 		41568
	90 	free 		35424 	0 		161120 		70944
	91 	free 		113952 	0 		275072 		155520
	92 	free 		85024 	0 		360096 		155520
	93 	free 		88160 	0 		448256 		155520
	94 	free 		44512 	0 		492768 		155520
	95 	free 		36704 	0 		529472 		155520
	96 	free 		34656 	0 		564128 		155520
	97 	free 		39520 	0 		603648 		345152
	98 	alloc 		40736 	0 		562912 		345152
	99 	alloc 		108192 	217152 		454720 		236960
	100 	free 		60960 	0 		515680 		382944
	101 	free 		79840 	0 		595520 		382944
	102 	alloc 		43552 	40736 		551968 		382944
	103 	alloc 		95840 	84288 		456128 		382944
	104 	free 		40736 	0 		496864 		382944
	105 	free 		53152 	-1 		496864 		382944
	106 	free 		95840 	0 		592704 		382944
	107 	alloc 		10464 	0 		582240 		382944
	108 	alloc 		51552 	84288 		530688 		382944
	109 	free 		110816 	0 		641504 		382944
	110 	free 		51552 	0 		693056 		382944
	111 	alloc 		31200 	84288 		661856 		382944
	112 	free 		79840 	0 		741696 		573600
	113 	free 		51808 	0 		793504 		573600
	114 	alloc 		63648 	115488 		729856 		573600
	115 	free 		61664 	0 		791520 		723232
	116 	free 		108192 	0 		899712 		869440
	117 	alloc 		96480 	179136 		803232 		772960
	118 	alloc 		44832 	275616 		758400 		728128
	119 	alloc 		24864 	10464 		733536 		728128
	120 	free 		24864 	0 		758400 		728128
	121 	alloc 		80224 	320448 		678176 		647904
	122 	alloc 		91680 	400672 		586496 		556224
	123 	free 		10464 	0 		596960 		556224
	124 	alloc 		94752 	492352 		502208 		461472
	125 	alloc 		113376 	587104 		388832 		348096
	126 	alloc 		82272 	700480 		306560 		265824
	127 	free 		43552 	0 		350112 		265824
	128 	free 		31200 	0 		381312 		265824
	129 	alloc 		124832 	782752 		256480 		140992
	130 	alloc 		45664 	0 		210816 		140992
	131 	free 		63648 	0 		274464 		140992
	132 	alloc 		94432 	45664 		180032 		140992
	133 	free 		82272 	0 		262304 		140992
	134 	free 		94752 	0 		357056 		140992
	135 	free 		91680 	0 		448736 		186432
	136 	alloc 		44192 	400672 		404544 		142240
	137 	free 		94432 	0 		498976 		142240
	138 	alloc 		93856 	45664 		405120 		142240
	139 	alloc 		124064 	444864 		281056 		140992
	140 	free 		44192 	0 		325248 		140992
	141 	free 		44832 	0 		370080 		140992
	142 	free 		80224 	0 		450304 		169248
	143 	alloc 		24288 	139520 		426016 		169248
	144 	free 		96480 	0 		522496 		281056
	145 	free 		124064 	0 		646560 		423296
	146 	free 		113376 	0 		759936 		618944
	147 	alloc 		84000 	163808 		675936 		534944
	148 	alloc 		62688 	247808 		613248 		472256
	149 	free 		84000 	0 		697248 		472256
	150 	free 		124832 	0 		822080 		738080
	151 	alloc 		123104 	310496 		698976 		614976
	152 	alloc 		84384 	433600 		614592 		530592
	153 	alloc 		67936 	163808 		546656 		530592
	154 	alloc 		67872 	517984 		478784 		462720
	155 	free 		62688 	0 		541472 		462720
	156 	free 		45664 	0 		587136 		462720
	157 	alloc 		91104 	585856 		496032 		371616
	158 	alloc 		21280 	0 		474752 		371616
	159 	alloc 		8480 	21280 		466272 		371616
	160 	free 		93856 	0 		560128 		371616
	161 	alloc 		27872 	29760 		532256 		371616
	162 	alloc 		30304 	57632 		501952 		371616
	163 	alloc 		44256 	87936 		457696 		371616
	164 	free 		21280 	0 		478976 		371616
	165 	alloc 		93408 	676960 		385568 		278208
	166 	alloc 		46368 	231744 		339200 		278208
	167 	alloc 		47584 	770368 		291616 		230624
	168 	free 		91104 	0 		382720 		230624
	169 	free 		44256 	0 		426976 		230624
	170 	free 		123104 	0 		550080 		230624
	171 	free 		24288 	0 		574368 		230624
	172 	alloc 		122528 	278112 		451840 		230624
	173 	alloc 		56800 	87936 		395040 		230624
	174 	free 		67936 	0 		462976 		230624
	175 	free 		67872 	0 		530848 		230624
	176 	alloc 		69984 	144736 		460864 		230624
	177 	free 		84384 	0 		545248 		276320
	178 	alloc 		92448 	400640 		452800 		230624
	179 	alloc 		18400 	0 		434400 		230624
	180 	free 		27872 	0 		462272 		230624
	181 	free 		8480 	0 		470752 		230624
	182 	free 		122528 	0 		593280 		230624
	183 	free 		30304 	0 		623584 		230624
	184 	alloc 		74080 	278112 		549504 		230624
	185 	alloc 		114656 	493088 		434848 		230624
	186 	alloc 		93216 	817952 		341632 		137408
	187 	alloc 		103776 	911168 		237856 		69536
	188 	alloc 		3936 	18400 		233920 		69216
	189 	free 		46368 	0 		280288 		69216
	190 	free 		93408 	0 		373696 		162624
	191 	free 		69984 	0 		443680 		162624
	192 	free 		47584 	0 		491264 		210208
	193 	alloc 		94240 	144736 		397024 		210208
	194 	free 		93216 	0 		490240 		303424
	195 	free 		18400 	0 		508640 		303424
	196 	alloc 		112480 	607744 		396160 		190944
	197 	free 		56800 	0 		452960 		190944
	198 	free 		103776 	0 		556736 		328352
	199 	alloc 		102560 	22336 		454176 		328352
	200 	alloc 		91424 	720224 		362752 		236928
	201 	alloc 		69472 	811648 		293280 		167456
	202 	alloc 		15328 	0 		277952 		167456
	203 	alloc 		14240 	124896 		263712 		167456
	204 	alloc 		105760 	881120 		157952 		61696
	205 	free 		92448 	0 		250400 		140896
	206 	free 		74080 	0 		324480 		254112
	207 	alloc 		80608 	238976 		243872 		173504
	208 	alloc 		101536 	319584 		142336 		71968
	209 	free 		91424 	0 		233760 		91424
	210 	alloc 		63648 	421120 		170112 		91424
	211 	free 		112480 	0 		282592 		203904
	212 	alloc 		46304 	607744 		236288 		157600
	213 	alloc 		112480 	654048 		123808 		61696
	214 	free 		114656 	0 		238464 		122976
	215 	free 		3936 	0 		242400 		122976
	216 	alloc 		48992 	484768 		193408 		73984
	217 	alloc 		128224 	-1 		193408 		73984
	218 	alloc 		65568 	533760 		127840 		61696
	219 	alloc 		14816 	766528 		113024 		61696
	220 	free 		15328 	0 		128352 		61696
	221 	free 		46304 	0 		174656 		61696
	222 	free 		94240 	0 		268896 		99840
	223 	free 		63648 	0 		332544 		99840
	224 	free 		14816 	0 		347360 		99840
	225 	free 		69472 	0 		416832 		114592
	226 	alloc 		122592 	-1 		416832 		114592
	227 	alloc 		16480 	0 		400352 		114592
	228 	free 		101536 	0 		501888 		165184
	229 	free 		102560 	0 		604448 		165184
	230 	alloc 		122080 	319584 		482368 		114592
	231 	free 		14240 	0 		496608 		222496
	232 	free 		112480 	0 		609088 		281792
	233 	free 		105760 	0 		714848 		449248
	234 	alloc 		116000 	16480 		598848 		449248
	235 	alloc 		65824 	132480 		533024 		449248
	236 	alloc 		110944 	599328 		422080 		338304
	237 	free 		80608 	0 		502688 		338304
	238 	alloc 		36192 	198304 		466496 		338304
	239 	alloc 		58336 	234496 		408160 		338304
	240 	free 		48992 	0 		457152 		338304
	241 	free 		122592 	-1 		457152 		338304
	242 	free 		116000 	0 		573152 		338304
	243 	alloc 		57184 	16480 		515968 		338304
	244 	free 		16480 	0 		532448 		338304
	245 	free 		65568 	0 		598016 		338304
	246 	free 		128224 	-1 		598016 		338304
	247 	alloc 		105632 	441664 		492384 		338304
	248 	alloc 		121056 	710272 		371328 		217248
	249 	free 		121056 	0 		492384 		338304
	250 	free 		122080 	0 		614464 		338304
	251 	alloc 		42080 	73664 		572384 		338304
	252 	alloc 		87328 	292832 		485056 		338304
	253 	alloc 		8352 	0 		476704 		338304
	254 	alloc 		48416 	380160 		428288 		338304
	255 	free 		105632 	0 		533920 		338304
	256 	free 		42080 	0 		576000 		338304
	257 	alloc 		17312 	73664 		558688 		338304
	258 	free 		57184 	0 		615872 		338304
	259 	alloc 		63136 	8352 		552736 		338304
	260 	free 		110944 	0 		663680 		620000
	261 	free 		65824 	0 		729504 		620000
	262 	alloc 		47328 	90976 		682176 		620000
	263 	free 		36192 	0 		718368 		620000
	264 	free 		58336 	0 		776704 		620000
	265 	alloc 		52256 	138304 		724448 		620000
	266 	alloc 		118048 	428576 		606400 		501952
	267 	alloc 		98656 	190560 		507744 		501952
	268 	alloc 		11552 	546624 		496192 		490400
	269 	alloc 		125344 	558176 		370848 		365056
	270 	free 		17312 	0 		388160 		365056
	271 	alloc 		116064 	683520 		272096 		248992
	272 	alloc 		69664 	799584 		202432 		179328
	273 	free 		116064 	0 		318496 		179328
	274 	free 		48416 	0 		366912 		179328
	275 	alloc 		114976 	683520 		251936 		179328
	276 	alloc 		44064 	380160 		207872 		179328
	277 	free 		8352 	0 		216224 		179328
	278 	alloc 		39520 	869248 		176704 		139808
	279 	alloc 		106784 	908768 		69920 		33024
	280 	free 		47328 	0 		117248 		66816
	281 	free 		87328 	0 		204576 		90944
	282 	free 		63136 	0 		267712 		138304
	283 	alloc 		24096 	0 		243616 		114208
	284 	alloc 		71968 	24096 		171648 		90944
	285 	free 		44064 	0 		215712 		139360
	286 	alloc 		58976 	289216 		156736 		80384
	287 	free 		69664 	0 		226400 		80384
	288 	free 		98656 	0 		325056 		98656
	289 	free 		125344 	0 		450400 		125344
	290 	free 		106784 	0 		557184 		139808
	291 	free 		52256 	0 		609440 		193152
	292 	alloc 		111008 	96064 		498432 		139808
	293 	free 		11552 	0 		509984 		139808
	294 	alloc 		42336 	207072 		467648 		139808
	295 	alloc 		121184 	546624 		346464 		139808
	296 	free 		118048 	0 		464512 		198432
	297 	alloc 		26848 	249408 		437664 		198432
	298 	alloc 		77216 	348192 		360448 		139808
	299 	alloc 		103776 	425408 		256672 		139808
	300 	alloc 		120480 	908768 		136192 		70752
	301 	free 		71968 	0 		208160 		71968
	302 	alloc 		118560 	-1 		208160 		71968
	303 	alloc 		42080 	24096 		166080 		70752
	304 	free 		114976 	0 		281056 		201440
	305 	free 		39520 	0 		320576 		240960
	306 	free 		42336 	0 		362912 		240960
	307 	alloc 		72992 	667808 		289920 		167968
	308 	free 		118560 	-1 		289920 		167968
	309 	alloc 		44512 	740800 		245408 		123456
	310 	free 		120480 	0 		365888 		263264
	311 	alloc 		32224 	207072 		333664 		263264
	312 	alloc 		87648 	785312 		246016 		175616
	313 	free 		24096 	0 		270112 		175616
	314 	alloc 		32352 	872960 		237760 		143264
	315 	free 		58976 	0 		296736 		143264
	316 	free 		26848 	0 		323584 		143264
	317 	free 		111008 	0 		434592 		143264
	318 	alloc 		63584 	66176 		371008 		143264
	319 	free 		42080 	0 		413088 		143264
	320 	alloc 		30624 	0 		382464 		143264
	321 	alloc 		18336 	30624 		364128 		143264
	322 	free 		121184 	0 		485312 		143264
	323 	free 		44512 	0 		529824 		143264
	324 	alloc 		224 	48960 		529600 		143264
	325 	free 		103776 	0 		633376 		242400
	326 	alloc 		113760 	425408 		519616 		143264
	327 	free 		77216 	0 		596832 		186112
	328 	alloc 		12960 	49184 		583872 		186112
	329 	alloc 		46688 	129760 		537184 		186112
	330 	alloc 		44128 	239296 		493056 		143264
	331 	alloc 		86176 	283424 		406880 		143264
	332 	alloc 		109792 	539168 		297088 		143264
	333 	free 		32352 	0 		329440 		175616
	334 	alloc 		74784 	872960 		254656 		100832
	335 	free 		72992 	0 		327648 		136352
	336 	alloc 		1376 	62144 		326272 		136352
	337 	free 		113760 	0 		440032 		169568
	338 	free 		30624 	0 		470656 		169568
	339 	free 		32224 	0 		502880 		169568
	340 	free 		87648 	0 		590528 		224000
	341 	alloc 		50848 	176448 		539680 		224000
	342 	alloc 		80800 	369600 		458880 		224000
	343 	free 		63584 	0 		522464 		224000
	344 	free 		12960 	0 		535424 		224000
	345 	alloc 		117088 	648960 		418336 		106912
	346 	alloc 		112864 	-1 		418336 		106912
	347 	alloc 		3616 	0 		414720 		106912
	348 	free 		224 	0 		414944 		106912
	349 	alloc 		56224 	63520 		358720 		106912
	350 	alloc 		128160 	-1 		358720 		106912
	351 	free 		18336 	0 		377056 		106912
	352 	alloc 		85472 	450400 		291584 		106912
	353 	free 		44128 	0 		335712 		106912
	354 	alloc 		55456 	3616 		280256 		106912
	355 	free 		46688 	0 		326944 		106912
	356 	free 		74784 	0 		401728 		282528
	357 	free 		1376 	0 		403104 		282528
	358 	free 		109792 	0 		512896 		282528
	359 	free 		86176 	0 		599072 		282528
	360 	alloc 		23264 	119744 		575808 		282528
	361 	free 		50848 	0 		626656 		282528
	362 	free 		80800 	0 		707456 		307392
	363 	free 		117088 	0 		824544 		512704
	364 	alloc 		37792 	143008 		786752 		512704
	365 	free 		3616 	0 		790368 		512704
	366 	free 		23264 	0 		813632 		512704
	367 	free 		56224 	0 		869856 		512704
	368 	alloc 		69728 	59072 		800128 		512704
	369 	alloc 		2208 	0 		797920 		512704
	370 	alloc 		6368 	128800 		791552 		512704
	371 	alloc 		40608 	180800 		750944 		512704
	372 	alloc 		103328 	221408 		647616 		512704
	373 	alloc 		53280 	324736 		594336 		512704
	374 	free 		112864 	-1 		594336 		512704
	375 	alloc 		87200 	535872 		507136 		425504
	376 	free 		69728 	0 		576864 		425504
	377 	alloc 		70752 	378016 		506112 		425504
	378 	alloc 		68832 	59072 		437280 		425504
	379 	free 		85472 	0 		522752 		425504
	380 	free 		128160 	-1 		522752 		425504
	381 	alloc 		36000 	448768 		486752 		425504
	382 	free 		55456 	0 		542208 		425504
	383 	free 		37792 	0 		580000 		425504
	384 	alloc 		117344 	623072 		462656 		308160
	385 	alloc 		46176 	2208 		416480 		308160
	386 	free 		87200 	0 		503680 		308160
	387 	alloc 		83872 	484768 		419808 		308160
	388 	free 		40608 	0 		460416 		308160
	389 	alloc 		118112 	740416 		342304 		190048
	390 	free 		36000 	0 		378304 		190048
	391 	free 		103328 	0 		481632 		190048
	392 	alloc 		91808 	135168 		389824 		190048
	393 	free 		53280 	0 		443104 		190048
	394 	alloc 		40608 	226976 		402496 		190048
	395 	alloc 		27040 	267584 		375456 		190048
	396 	free 		118112 	0 		493568 		308160
	397 	free 		6368 	0 		499936 		308160
	398 	free 		2208 	0 		502144 		308160
	399 	alloc 		37344 	294624 		464800 		308160
	400 	alloc 		45152 	331968 		419648 		308160
	401 	alloc 		21152 	448768 		398496 		308160
	402 	alloc 		107168 	740416 		291328 		200992
	403 	alloc 		72416 	847584 		218912 		128576
	404 	free 		83872 	0 		302784 		153152
	405 	free 		70752 	0 		373536 		153152
	406 	alloc 		30944 	377120 		342592 		153152
	407 	free 		68832 	0 		411424 		153152
	408 	alloc 		66208 	48384 		345216 		153152
	409 	alloc 		108512 	469920 		236704 		128576
	410 	free 		45152 	0 		281856 		128576
	411 	free 		91808 	0 		373664 		128576
	412 	alloc 		64160 	114592 		309504 		128576
	413 	free 		46176 	0 		355680 		128576
	414 	free 		117344 	0 		473024 		161984
	415 	alloc 		22304 	0 		450720 		161984
	416 	free 		21152 	0 		471872 		161984
	417 	alloc 		28896 	178752 		442976 		161984
	418 	free 		27040 	0 		470016 		161984
	419 	free 		37344 	0 		507360 		161984
	420 	free 		40608 	0 		547968 		169472
	421 	free 		72416 	0 		620384 		200992
	422 	free 		66208 	0 		686592 		200992
	423 	alloc 		61856 	22304 		624736 		200992
	424 	free 		107168 	0 		731904 		470144
	425 	free 		30944 	0 		762848 		470144
	426 	alloc 		54688 	207648 		708160 		470144
	427 	alloc 		7648 	84160 		700512 		470144
	428 	alloc 		85728 	262336 		614784 		470144
	429 	alloc 		111136 	348064 		503648 		470144
	430 	free 		28896 	0 		532544 		470144
	431 	free 		54688 	0 		587232 		470144
	432 	free 		22304 	0 		609536 		470144
	433 	alloc 		10784 	0 		598752 		470144
	434 	alloc 		95520 	578432 		503232 		374624
	435 	free 		61856 	0 		565088 		374624
	436 	free 		108512 	0 		673600 		374624
	437 	free 		111136 	0 		784736 		374624
	438 	alloc 		67104 	10784 		717632 		374624
	439 	alloc 		129184 	348064 		588448 		374624
	440 	free 		64160 	0 		652608 		374624
	441 	free 		10784 	0 		663392 		374624
	442 	alloc 		7904 	0 		655488 		374624
	443 	free 		85728 	0 		741216 		374624
	444 	alloc 		18784 	91808 		722432 		374624
	445 	alloc 		40032 	110592 		682400 		374624
	446 	alloc 		119200 	150624 		563200 		374624
	447 	alloc 		28384 	269824 		534816 		374624
	448 	alloc 		103264 	673952 		431552 		271360
	449 	alloc 		74464 	477248 		357088 		271360
	450 	alloc 		3936 	77888 		353152 		271360
	451 	free 		129184 	0 		482336 		271360
	452 	alloc 		13728 	298208 		468608 		271360
	453 	free 		7904 	0 		476512 		271360
	454 	free 		67104 	0 		543616 		271360
	455 	alloc 		89696 	311936 		453920 		271360
	456 	free 		119200 	0 		573120 		271360
	457 	free 		7648 	0 		580768 		271360
	458 	free 		74464 	0 		655232 		271360
	459 	free 		103264 	0 		758496 		374624
	460 	alloc 		96224 	150624 		662272 		374624
	461 	alloc 		114784 	401632 		547488 		374624
	462 	free 		89696 	0 		637184 		374624
	463 	free 		40032 	0 		677216 		374624
	464 	free 		95520 	0 		772736 		532160
	465 	alloc 		47200 	0 		725536 		532160
	466 	alloc 		45152 	311936 		680384 		532160
	467 	free 		3936 	0 		684320 		532160
	468 	alloc 		11680 	47200 		672640 		532160
	469 	alloc 		91040 	516416 		581600 		441120
	470 	free 		11680 	0 		593280 		441120
	471 	alloc 		126944 	607456 		466336 		314176
	472 	free 		28384 	0 		494720 		314176
	473 	free 		126944 	0 		621664 		441120
	474 	free 		18784 	0 		640448 		441120
	475 	alloc 		105248 	607456 		535200 		335872
	476 	alloc 		111264 	712704 		423936 		224608
	477 	free 		96224 	0 		520160 		251008
	478 	alloc 		54624 	47200 		465536 		224608
	479 	free 		13728 	0 		479264 		224608
	480 	free 		91040 	0 		570304 		224608
	481 	free 		45152 	0 		615456 		299808
	482 	free 		111264 	0 		726720 		335872
	483 	free 		114784 	0 		841504 		505632
	484 	alloc 		115872 	101824 		725632 		389760
	485 	alloc 		97376 	217696 		628256 		335872
	486 	alloc 		71264 	315072 		556992 		335872
	487 	alloc 		30880 	386336 		526112 		335872
	488 	alloc 		34016 	417216 		492096 		335872
	489 	alloc 		121504 	451232 		370592 		335872
	490 	alloc 		34784 	712704 		335808 		301088
	491 	free 		47200 	0 		383008 		301088
	492 	alloc 		41248 	0 		341760 		301088
	493 	alloc 		63904 	747488 		277856 		237184
	494 	free 		121504 	0 		399360 		237184
	495 	alloc 		127520 	451232 		271840 		237184
	496 	free 		41248 	0 		313088 		237184
	497 	free 		71264 	0 		384352 		237184
	498 	free 		54624 	0 		438976 		237184
	499 	free 		115872 	0 		554848 		237184
	500 	alloc 		33760 	0 		521088 		237184
	501 	free 		105248 	0 		626336 		237184
	502 	alloc 		78112 	33760 		548224 		237184
	503 	free 		127520 	0 		675744 		261472
	504 	alloc 		40928 	111872 		634816 		261472
	505 	alloc 		32800 	152800 		602016 		261472
	506 	alloc 		17568 	185600 		584448 		261472
	507 	free 		63904 	0 		648352 		301088
	508 	free 		97376 	0 		745728 		301088
	509 	free 		30880 	0 		776608 		301088
	510 	free 		34016 	0 		810624 		509536
	511 	alloc 		32672 	203168 		777952 		476864
	512 	alloc 		93280 	235840 		684672 		383584
	513 	free 		33760 	0 		718432 		383584
	514 	alloc 		129056 	329120 		589376 		301088
	515 	free 		32800 	0 		622176 		301088
	516 	free 		17568 	0 		639744 		301088
	517 	free 		34784 	0 		674528 		590400
	518 	alloc 		123872 	458176 		550656 		466528
	519 	alloc 		40160 	152800 		510496 		466528
	520 	alloc 		108320 	582048 		402176 		358208
	521 	alloc 		14752 	0 		387424 		358208
	522 	alloc 		92512 	690368 		294912 		265696
	523 	free 		123872 	0 		418784 		265696
	524 	free 		129056 	0 		547840 		265696
	525 	free 		40928 	0 		588768 		265696
	526 	free 		108320 	0 		697088 		361248
	527 	alloc 		71904 	329120 		625184 		289344
	528 	alloc 		32608 	111872 		592576 		289344
	529 	free 		78112 	0 		670688 		289344
	530 	alloc 		19360 	14752 		651328 		289344
	531 	alloc 		76256 	34112 		575072 		289344
	532 	alloc 		83040 	401024 		492032 		265696
	533 	free 		32672 	0 		524704 		265696
	534 	free 		92512 	0 		617216 		564512
	535 	alloc 		117408 	484064 		499808 		447104
	536 	alloc 		103520 	601472 		396288 		343584
	537 	alloc 		55584 	704992 		340704 		288000
	538 	alloc 		35168 	192960 		305536 		288000
	539 	free 		14752 	0 		320288 		288000
	540 	free 		35168 	0 		355456 		288000
	541 	free 		93280 	0 		448736 		288000
	542 	alloc 		57888 	192960 		390848 		288000
	543 	free 		40160 	0 		431008 		288000
	544 	alloc 		105312 	760576 		325696 		182688
	545 	free 		76256 	0 		401952 		182688
	546 	alloc 		23584 	34112 		378368 		182688
	547 	alloc 		95584 	865888 		282784 		87104
	548 	free 		23584 	0 		306368 		87104
	549 	alloc 		33632 	34112 		272736 		87104
	550 	free 		71904 	0 		344640 		150176
	551 	alloc 		117344 	250848 		227296 		87104
	552 	free 		32608 	0 		259904 		125216
	553 	free 		19360 	0 		279264 		125216
	554 	alloc 		49888 	67744 		229376 		87104
	555 	free 		49888 	0 		279264 		125216
	556 	alloc 		126048 	-1 		279264 		125216
	557 	free 		95584 	0 		374848 		182688
	558 	free 		126048 	-1 		374848 		182688
	559 	free 		117408 	0 		492256 		182688
	560 	free 		83040 	0 		575296 		233280
	561 	alloc 		76064 	67744 		499232 		233280
	562 	alloc 		36832 	143808 		462400 		233280
	563 	free 		57888 	0 		520288 		233280
	564 	free 		105312 	0 		625600 		288000
	565 	free 		55584 	0 		681184 		343584
	566 	free 		103520 	0 		784704 		680384
	567 	alloc 		71008 	368192 		713696 		609376
	568 	alloc 		8672 	0 		705024 		609376
	569 	free 		117344 	0 		822368 		609376
	570 	alloc 		49760 	180640 		772608 		609376
	571 	alloc 		94816 	230400 		677792 		609376
	572 	free 		94816 	0 		772608 		609376
	573 	alloc 		127328 	230400 		645280 		609376
	574 	free 		36832 	0 		682112 		609376
	575 	free 		76064 	0 		758176 		609376
	576 	alloc 		72992 	67744 		685184 		609376
	577 	free 		33632 	0 		718816 		609376
	578 	free 		127328 	0 		846144 		609376
	579 	alloc 		93408 	230400 		752736 		609376
	580 	alloc 		81568 	439200 		671168 		527808
	581 	alloc 		100960 	520768 		570208 		426848
	582 	alloc 		52576 	8672 		517632 		426848
	583 	alloc 		69664 	621728 		447968 		357184
	584 	alloc 		75040 	691392 		372928 		282144
	585 	free 		75040 	0 		447968 		357184
	586 	alloc 		82656 	691392 		365312 		274528
	587 	alloc 		72864 	774048 		292448 		201664
	588 	free 		71008 	0 		363456 		201664
	589 	alloc 		62432 	323808 		301024 		201664
	590 	alloc 		53280 	846912 		247744 		148384
	591 	alloc 		48992 	386240 		198752 		148384
	592 	alloc 		58208 	900192 		140544 		90176
	593 	free 		93408 	0 		233952 		93408
	594 	free 		49760 	0 		283712 		183072
	595 	free 		62432 	0 		346144 		245504
	596 	free 		8672 	0 		354816 		245504
	597 	free 		48992 	0 		403808 		298464
	598 	free 		72864 	0 		476672 		298464
	599 	alloc 		55456 	140736 		421216 		243008
	600 	alloc 		35232 	196192 		385984 		207776
	601 	free 		72992 	0 		458976 		207776
	602 	free 		35232 	0 		494208 		243008
	603 	alloc 		1824 	0 		492384 		243008
	604 	alloc 		65568 	61248 		426816 		243008
	605 	alloc 		57440 	196192 		369376 		185568
	606 	free 		1824 	0 		371200 		185568
	607 	free 		81568 	0 		452768 		267136
	608 	free 		52576 	0 		505344 		267136
	609 	alloc 		24288 	0 		481056 		267136
	610 	alloc 		91040 	253632 		390016 		176096
	611 	free 		100960 	0 		490976 		277056
	612 	alloc 		102944 	344672 		388032 		174112
	613 	free 		69664 	0 		457696 		243776
	614 	alloc 		78304 	447616 		379392 		165472
	615 	free 		82656 	0 		462048 		320992
	616 	free 		55456 	0 		517504 		320992
	617 	alloc 		98528 	525920 		418976 		222464
	618 	alloc 		54304 	126816 		364672 		222464
	619 	free 		53280 	0 		417952 		275744
	620 	free 		58208 	0 		476160 		424128
	621 	alloc 		126240 	624448 		349920 		297888
	622 	free 		24288 	0 		374208 		297888
	623 	alloc 		97568 	750688 		276640 		200320
	624 	free 		57440 	0 		334080 		200320
	625 	free 		54304 	0 		388384 		200320
	626 	alloc 		78560 	126816 		309824 		200320
	627 	alloc 		57952 	0 		251872 		200320
	628 	free 		65568 	0 		317440 		200320
	629 	alloc 		81184 	848256 		236256 		119136
	630 	free 		91040 	0 		327296 		139296
	631 	alloc 		76000 	205376 		251296 		119136
	632 	alloc 		108896 	929440 		142400 		68864
	633 	alloc 		15136 	57952 		127264 		63296
	634 	alloc 		65696 	-1 		127264 		63296
	635 	alloc 		100448 	-1 		127264 		63296
	636 	free 		78560 	0 		205824 		132288
	637 	free 		97568 	0 		303392 		132288
	638 	free 		15136 	0 		318528 		147424
	639 	free 		98528 	0 		417056 		147424
	640 	free 		102944 	0 		520000 		166240
	641 	alloc 		67424 	57952 		452576 		166240
	642 	free 		65696 	-1 		452576 		166240
	643 	free 		78304 	0 		530880 		343072
	644 	alloc 		15648 	125376 		515232 		343072
	645 	alloc 		19744 	141024 		495488 		343072
	646 	alloc 		117536 	281376 		377952 		225536
	647 	free 		126240 	0 		504192 		449344
	648 	free 		67424 	0 		571616 		449344
	649 	free 		81184 	0 		652800 		530528
	650 	alloc 		76512 	398912 		576288 		454016
	651 	alloc 		80928 	475424 		495360 		373088
	652 	alloc 		41568 	57952 		453792 		373088
	653 	free 		100448 	-1 		453792 		373088
	654 	alloc 		48608 	556352 		405184 		324480
	655 	free 		76000 	0 		481184 		324480
	656 	free 		57952 	0 		539136 		324480
	657 	free 		108896 	0 		648032 		443616
	658 	alloc 		55712 	0 		592320 		443616
	659 	free 		19744 	0 		612064 		443616
	660 	free 		55712 	0 		667776 		443616
	661 	alloc 		27296 	0 		640480 		443616
	662 	free 		117536 	0 		758016 		443616
	663 	alloc 		127584 	141024 		630432 		443616
	664 	alloc 		12704 	27296 		617728 		443616
	665 	free 		15648 	0 		633376 		443616
	666 	free 		41568 	0 		674944 		443616
	667 	alloc 		105632 	268608 		569312 		443616
	668 	free 		80928 	0 		650240 		443616
	669 	free 		105632 	0 		755872 		443616
	670 	alloc 		53664 	40000 		702208 		443616
	671 	alloc 		30752 	93664 		671456 		443616
	672 	free 		53664 	0 		725120 		443616
	673 	alloc 		51552 	40000 		673568 		443616
	674 	alloc 		59232 	268608 		614336 		443616
	675 	free 		48608 	0 		662944 		573152
	676 	alloc 		126816 	475424 		536128 		446336
	677 	free 		12704 	0 		548832 		446336
	678 	alloc 		54688 	327840 		494144 		446336
	679 	alloc 		9760 	27296 		484384 		446336
	680 	free 		76512 	0 		560896 		446336
	681 	alloc 		111456 	602240 		449440 		334880
	682 	alloc 		28896 	382528 		420544 		334880
	683 	alloc 		45088 	411424 		375456 		334880
	684 	free 		30752 	0 		406208 		334880
	685 	alloc 		11040 	91552 		395168 		334880
	686 	free 		127584 	0 		522752 		334880
	687 	alloc 		52000 	102592 		470752 		334880
	688 	alloc 		16736 	154592 		454016 		334880
	689 	alloc 		62816 	171328 		391200 		334880
	690 	free 		16736 	0 		407936 		334880
	691 	free 		27296 	0 		435232 		334880
	692 	free 		59232 	0 		494464 		334880
	693 	free 		51552 	0 		546016 		334880
	694 	alloc 		3040 	0 		542976 		334880
	695 	alloc 		56672 	234144 		486304 		334880
	696 	alloc 		31584 	37056 		454720 		334880
	697 	free 		28896 	0 		483616 		334880
	698 	free 		45088 	0 		528704 		334880
	699 	free 		9760 	0 		538464 		334880
	700 	free 		111456 	0 		649920 		446336
	701 	alloc 		81888 	382528 		568032 		446336
	702 	free 		11040 	0 		579072 		446336
	703 	alloc 		44320 	602240 		534752 		402016
	704 	alloc 		75040 	646560 		459712 		326976
	705 	free 		126816 	0 		586528 		326976
	706 	free 		54688 	0 		641216 		326976
	707 	alloc 		113376 	464416 		527840 		326976
	708 	free 		44320 	0 		572160 		326976
	709 	alloc 		21472 	3040 		550688 		326976
	710 	alloc 		19744 	68640 		530944 		326976
	711 	free 		52000 	0 		582944 		326976
	712 	free 		3040 	0 		585984 		326976
	713 	alloc 		123936 	721600 		462048 		203040
	714 	alloc 		117664 	845536 		344384 		91712
	715 	free 		81888 	0 		426272 		173600
	716 	free 		62816 	0 		489088 		173600
	717 	alloc 		71712 	88384 		417376 		173600
	718 	free 		113376 	0 		530752 		355744
	719 	alloc 		31584 	160096 		499168 		355744
	720 	free 		56672 	0 		555840 		454880
	721 	alloc 		114592 	191680 		441248 		340288
	722 	free 		71712 	0 		512960 		340288
	723 	alloc 		608 	0 		512352 		340288
	724 	alloc 		19360 	88384 		492992 		340288
	725 	alloc 		58592 	306272 		434400 		281696
	726 	free 		31584 	0 		465984 		281696
	727 	free 		21472 	0 		487456 		281696
	728 	free 		58592 	0 		546048 		340288
	729 	alloc 		51360 	608 		494688 		340288
	730 	free 		123936 	0 		618624 		340288
	731 	free 		75040 	0 		693664 		539264
	732 	free 		19744 	0 		713408 		539264
	733 	alloc 		22112 	51968 		691296 		539264
	734 	alloc 		108960 	306272 		582336 		430304
	735 	alloc 		18016 	107744 		564320 		430304
	736 	alloc 		24864 	125760 		539456 		430304
	737 	alloc 		92064 	415232 		447392 		338240
	738 	free 		108960 	0 		556352 		338240
	739 	alloc 		88800 	306272 		467552 		338240
	740 	free 		114592 	0 		582144 		338240
	741 	alloc 		27296 	191680 		554848 		338240
	742 	free 		31584 	0 		586432 		338240
	743 	free 		117664 	0 		704096 		541280
	744 	free 		608 	0 		704704 		541280
	745 	free 		88800 	0 		793504 		541280
	746 	alloc 		99040 	218976 		694464 		541280
	747 	free 		19360 	0 		713824 		541280
	748 	free 		22112 	0 		735936 		541280
	749 	alloc 		117920 	507296 		618016 		423360
	750 	free 		99040 	0 		717056 		423360
	751 	free 		92064 	0 		809120 		423360
	752 	free 		18016 	0 		827136 		423360
	753 	alloc 		76064 	218976 		751072 		423360
	754 	free 		51360 	0 		802432 		423360
	755 	alloc 		38816 	0 		763616 		423360
	756 	alloc 		32544 	38816 		731072 		423360
	757 	free 		76064 	0 		807136 		423360
	758 	alloc 		22880 	71360 		784256 		423360
	759 	free 		24864 	0 		809120 		423360
	760 	alloc 		56096 	94240 		753024 		423360
	761 	alloc 		31328 	150336 		721696 		423360
	762 	alloc 		3360 	181664 		718336 		423360
	763 	free 		22880 	0 		741216 		423360
	764 	alloc 		105696 	218976 		635520 		423360
	765 	alloc 		97952 	324672 		537568 		423360
	766 	free 		117920 	0 		655488 		625952
	767 	free 		27296 	0 		682784 		625952
	768 	alloc 		19808 	71360 		662976 		625952
	769 	alloc 		18272 	185024 		644704 		625952
	770 	alloc 		115680 	422624 		529024 		510272
	771 	alloc 		53984 	538304 		475040 		456288
	772 	free 		115680 	0 		590720 		456288
	773 	free 		38816 	0 		629536 		456288
	774 	alloc 		112032 	422624 		517504 		456288
	775 	alloc 		5792 	0 		511712 		456288
	776 	free 		31328 	0 		543040 		456288
	777 	free 		32544 	0 		575584 		456288
	778 	free 		5792 	0 		581376 		456288
	779 	alloc 		28384 	0 		552992 		456288
	780 	alloc 		121824 	592288 		431168 		334464
	781 	free 		18272 	0 		449440 		334464
	782 	free 		19808 	0 		469248 		334464
	783 	alloc 		15456 	28384 		453792 		334464
	784 	free 		97952 	0 		551744 		334464
	785 	free 		15456 	0 		567200 		334464
	786 	free 		105696 	0 		672896 		334464
	787 	alloc 		17824 	28384 		655072 		334464
	788 	free 		112032 	0 		767104 		353280
	789 	alloc 		16736 	46208 		750368 		353280
	790 	free 		56096 	0 		806464 		353280
	791 	free 		3360 	0 		809824 		475360
	792 	alloc 		81376 	62944 		728448 		393984
	793 	alloc 		39328 	144320 		689120 		354656
	794 	alloc 		34592 	183648 		654528 		334464
	795 	free 		53984 	0 		708512 		374048
	796 	alloc 		124896 	218240 		583616 		334464
	797 	free 		39328 	0 		622944 		334464
	798 	alloc 		69856 	343136 		553088 		334464
	799 	alloc 		92640 	412992 		460448 		334464
	800 	free 		28384 	0 		488832 		334464
	801 	free 		16736 	0 		505568 		334464
	802 	alloc 		126624 	714112 		378944 		207840
	803 	alloc 		16864 	0 		362080 		207840
	804 	free 		92640 	0 		454720 		207840
	805 	free 		81376 	0 		536096 		207840
	806 	free 		121824 	0 		657920 		301120
	807 	alloc 		39520 	46208 		618400 		301120
	808 	alloc 		4128 	16864 		614272 		301120
	809 	free 		16864 	0 		631136 		301120
	810 	free 		17824 	0 		648960 		301120
	811 	alloc 		125984 	412992 		522976 		207840
	812 	alloc 		107040 	538976 		415936 		207840
	813 	alloc 		123808 	840736 		292128 		97920
	814 	alloc 		77088 	85728 		215040 		84032
	815 	free 		123808 	0 		338848 		207840
	816 	free 		126624 	0 		465472 		402560
	817 	free 		69856 	0 		535328 		402560
	818 	free 		39520 	0 		574848 		402560
	819 	alloc 		82912 	646016 		491936 		319648
	820 	alloc 		51552 	20992 		440384 		319648
	821 	alloc 		67360 	343136 		373024 		319648
	822 	free 		34592 	0 		407616 		319648
	823 	alloc 		76000 	728928 		331616 		243648
	824 	alloc 		23840 	162816 		307776 		243648
	825 	free 		124896 	0 		432672 		243648
	826 	free 		76000 	0 		508672 		319648
	827 	alloc 		38112 	186656 		470560 		319648
	828 	alloc 		110112 	224768 		360448 		319648
	829 	free 		67360 	0 		427808 		319648
	830 	free 		110112 	0 		537920 		319648
	831 	free 		4128 	0 		542048 		319648
	832 	alloc 		2656 	0 		539392 		319648
	833 	free 		2656 	0 		542048 		319648
	834 	alloc 		120352 	224768 		421696 		319648
	835 	alloc 		80864 	728928 		340832 		238784
	836 	alloc 		48544 	345120 		292288 		238784
	837 	free 		125984 	0 		418272 		238784
	838 	alloc 		18784 	0 		399488 		238784
	839 	alloc 		50592 	393664 		348896 		238784
	840 	free 		107040 	0 		455936 		238784
	841 	alloc 		54880 	444256 		401056 		238784
	842 	free 		77088 	0 		478144 		238784
	843 	free 		51552 	0 		529696 		238784
	844 	free 		120352 	0 		650048 		238784
	845 	free 		82912 	0 		732960 		238784
	846 	alloc 		103264 	18784 		629696 		238784
	847 	alloc 		114464 	224768 		515232 		238784
	848 	free 		103264 	0 		618496 		238784
	849 	alloc 		14112 	18784 		604384 		238784
	850 	free 		48544 	0 		652928 		238784
	851 	alloc 		21344 	32896 		631584 		238784
	852 	free 		114464 	0 		746048 		238784
	853 	free 		80864 	0 		826912 		549440
	854 	free 		23840 	0 		850752 		549440
	855 	alloc 		56928 	54240 		793824 		549440
	856 	alloc 		126624 	224768 		667200 		549440
	857 	free 		38112 	0 		705312 		549440
	858 	alloc 		63584 	111168 		641728 		549440
	859 	free 		50592 	0 		692320 		549440
	860 	free 		54880 	0 		747200 		697184
	861 	alloc 		18912 	174752 		728288 		697184
	862 	free 		18784 	0 		747072 		697184
	863 	alloc 		111328 	351392 		635744 		585856
	864 	alloc 		113120 	462720 		522624 		472736
	865 	alloc 		59104 	575840 		463520 		413632
	866 	alloc 		2592 	0 		460928 		413632
	867 	alloc 		800 	2592 		460128 		413632
	868 	free 		18912 	0 		479040 		413632
	869 	alloc 		92832 	634944 		386208 		320800
	870 	alloc 		125088 	727776 		261120 		195712
	871 	alloc 		124128 	852864 		136992 		71584
	872 	free 		800 	0 		137792 		71584
	873 	alloc 		80736 	-1 		137792 		71584
	874 	alloc 		24736 	174752 		113056 		71584
	875 	free 		126624 	0 		239680 		151904
	876 	free 		14112 	0 		253792 		151904
	877 	free 		2592 	0 		256384 		151904
	878 	alloc 		58400 	199488 		197984 		93504
	879 	alloc 		7584 	0 		190400 		93504
	880 	free 		111328 	0 		301728 		204832
	881 	free 		21344 	0 		323072 		204832
	882 	free 		125088 	0 		448160 		204832
	883 	free 		59104 	0 		507264 		204832
	884 	free 		63584 	0 		570848 		204832
	885 	free 		56928 	0 		627776 		204832
	886 	alloc 		117920 	7584 		509856 		204832
	887 	alloc 		14752 	125504 		495104 		204832
	888 	free 		124128 	0 		619232 		320800
	889 	free 		7584 	0 		626816 		320800
	890 	free 		58400 	0 		685216 		320800
	891 	free 		113120 	0 		798336 		435456
	892 	free 		24736 	0 		823072 		494688
	893 	alloc 		107744 	140256 		715328 		386944
	894 	alloc 		57568 	248000 		657760 		329376
	895 	alloc 		160 	0 		657600 		329376
	896 	alloc 		58720 	305568 		598880 		320800
	897 	free 		92832 	0 		691712 		684288
	898 	alloc 		121440 	364288 		570272 		562848
	899 	free 		80736 	-1 		570272 		562848
	900 	alloc 		38496 	485728 		531776 		524352
	901 	free 		160 	0 		531936 		524352
	902 	alloc 		29344 	524224 		502592 		495008
	903 	free 		117920 	0 		620512 		495008
	904 	free 		14752 	0 		635264 		495008
	905 	alloc 		25120 	0 		610144 		495008
	906 	alloc 		29984 	25120 		580160 		495008
	907 	free 		25120 	0 		605280 		495008
	908 	free 		107744 	0 		713024 		495008
	909 	free 		29984 	0 		743008 		495008
	910 	alloc 		59104 	0 		683904 		495008
	911 	free 		58720 	0 		742624 		495008
	912 	alloc 		77344 	59104 		665280 		495008
	913 	free 		38496 	0 		703776 		495008
	914 	alloc 		25312 	136448 		678464 		495008
	915 	alloc 		14112 	161760 		664352 		495008
	916 	free 		57568 	0 		721920 		495008
	917 	alloc 		42336 	175872 		679584 		495008
	918 	alloc 		18976 	218208 		660608 		495008
	919 	alloc 		68192 	237184 		592416 		495008
	920 	free 		29344 	0 		621760 		562848
	921 	free 		68192 	0 		689952 		562848
	922 	free 		59104 	0 		749056 		562848
	923 	alloc 		25504 	0 		723552 		562848
	924 	free 		121440 	0 		844992 		811392
	925 	free 		77344 	0 		922336 		811392
	926 	alloc 		4576 	25504 		917760 		811392
	927 	free 		18976 	0 		936736 		830368
	928 	free 		14112 	0 		950848 		830368
	929 	alloc 		126048 	218208 		824800 		704320
	930 	free 		126048 	0 		950848 		830368
	931 	alloc 		34464 	30080 		916384 		830368
	932 	free 		4576 	0 		920960 		830368
	933 	alloc 		22240 	64544 		898720 		830368
	934 	alloc 		30048 	86784 		868672 		830368
	935 	free 		25312 	0 		893984 		830368
	936 	alloc 		68704 	218208 		825280 		761664
	937 	alloc 		60768 	286912 		764512 		700896
	938 	free 		42336 	0 		806848 		700896
	939 	alloc 		126368 	347680 		680480 		574528
	940 	alloc 		110624 	474048 		569856 		463904
	941 	alloc 		57248 	116832 		512608 		463904
	942 	free 		22240 	0 		534848 		463904
	943 	alloc 		3360 	25504 		531488 		463904
	944 	alloc 		110496 	584672 		420992 		353408
	945 	alloc 		90400 	695168 		330592 		263008
	946 	free 		34464 	0 		365056 		263008
	947 	free 		90400 	0 		455456 		353408
	948 	free 		57248 	0 		512704 		353408
	949 	alloc 		50400 	28864 		462304 		353408
	950 	alloc 		52704 	116832 		409600 		353408
	951 	alloc 		116832 	695168 		292768 		236576
	952 	free 		126368 	0 		419136 		236576
	953 	free 		25504 	0 		444640 		236576
	954 	alloc 		16800 	0 		427840 		236576
	955 	alloc 		101728 	347680 		326112 		236576
	956 	alloc 		37664 	169536 		288448 		236576
	957 	free 		16800 	0 		305248 		236576
	958 	free 		50400 	0 		355648 		236576
	959 	free 		3360 	0 		359008 		236576
	960 	alloc 		30368 	0 		328640 		236576
	961 	free 		110496 	0 		439136 		236576
	962 	alloc 		32672 	30368 		406464 		236576
	963 	free 		68704 	0 		475168 		236576
	964 	free 		30048 	0 		505216 		236576
	965 	free 		60768 	0 		565984 		236576
	966 	alloc 		41184 	63040 		524800 		236576
	967 	alloc 		75168 	207200 		449632 		236576
	968 	free 		37664 	0 		487296 		236576
	969 	free 		110624 	0 		597920 		245760
	970 	alloc 		95456 	449408 		502464 		236576
	971 	free 		101728 	0 		604192 		236576
	972 	alloc 		76320 	282368 		527872 		236576
	973 	free 		76320 	0 		604192 		236576
	974 	alloc 		30944 	169536 		573248 		236576
	975 	alloc 		1376 	104224 		571872 		236576
	976 	free 		52704 	0 		624576 		236576
	977 	free 		116832 	0 		741408 		503712
	978 	alloc 		78880 	282368 		662528 		503712
	979 	free 		30368 	0 		692896 		503712
	980 	alloc 		13536 	0 		679360 		503712
	981 	alloc 		90656 	544864 		588704 		413056
	982 	free 		13536 	0 		602240 		413056
	983 	alloc 		4640 	0 		597600 		413056
	984 	alloc 		87840 	361248 		509760 		413056
	985 	free 		32672 	0 		542432 		413056
	986 	alloc 		26592 	4640 		515840 		413056
	987 	alloc 		42016 	105600 		473824 		413056
	988 	free 		1376 	0 		475200 		413056
	989 	alloc 		119072 	635520 		356128 		293984
	990 	free 		41184 	0 		397312 		293984
	991 	free 		75168 	0 		472480 		293984
	992 	free 		95456 	0 		567936 		293984
	993 	free 		30944 	0 		598880 		293984
	994 	free 		78880 	0 		677760 		293984
	995 	free 		90656 	0 		768416 		293984
	996 	free 		4640 	0 		773056 		293984
	997 	free 		87840 	0 		860896 		487904
	998 	free 		26592 	0 		887488 		487904
	999 	free 		42016 	0 		929504 		635520
	1000 	free 		119072 	0 		1048576 		1048576
20 Allocations Failed