POLICY: Best Fit	MEMORY SIZE: 1024


NUMBER 	SEQUENCE 	SIZE 	ADR 	MEMORY LEFT 	LARGEST CHUNK
	1 	alloc 		99744 	-1 		1048576 		1048576
	2 	alloc 		111776 	-1 		1048576 		1048576
	3 	alloc 		64864 	-1 		1048576 		1048576
	4 	alloc 		91552 	-1 		1048576 		1048576
	5 	free 		111776 	-1 		1048576 		1048576
	6 	free 		91552 	-1 		1048576 		1048576
	7 	alloc 		5600 	-1 		1048576 		1048576
	8 	alloc 		110304 	-1 		1048576 		1048576
	9 	alloc 		78688 	-1 		1048576 		1048576
	10 	alloc 		8032 	-1 		1048576 		1048576
	11 	alloc 		27872 	-1 		1048576 		1048576
	12 	alloc 		72992 	-1 		1048576 		1048576
	13 	alloc 		4960 	-1 		1048576 		1048576
	14 	alloc 		58400 	-1 		1048576 		1048576
	15 	alloc 		84640 	-1 		1048576 		1048576
	16 	free 		78688 	-1 		1048576 		1048576
	17 	alloc 		25760 	-1 		1048576 		1048576
	18 	free 		5600 	-1 		1048576 		1048576
	19 	free 		64864 	-1 		1048576 		1048576
	20 	alloc 		6496 	-1 		1048576 		1048576
	21 	alloc 		118240 	-1 		1048576 		1048576
	22 	free 		27872 	-1 		1048576 		1048576
	23 	alloc 		44448 	-1 		1048576 		1048576
	24 	free 		8032 	-1 		1048576 		1048576
	25 	alloc 		113440 	-1 		1048576 		1048576
	26 	free 		99744 	-1 		1048576 		1048576
	27 	free 		118240 	-1 		1048576 		1048576
	28 	free 		6496 	-1 		1048576 		1048576
	29 	free 		84640 	-1 		1048576 		1048576
	30 	alloc 		115040 	-1 		1048576 		1048576
	31 	free 		25760 	-1 		1048576 		1048576
	32 	alloc 		55072 	-1 		1048576 		1048576
	33 	free 		4960 	-1 		1048576 		1048576
	34 	free 		44448 	-1 		1048576 		1048576
	35 	free 		55072 	-1 		1048576 		1048576
	36 	alloc 		57312 	-1 		1048576 		1048576
	37 	alloc 		101408 	-1 		1048576 		1048576
	38 	free 		110304 	-1 		1048576 		1048576
	39 	free 		72992 	-1 		1048576 		1048576
	40 	free 		58400 	-1 		1048576 		1048576
	41 	alloc 		71328 	-1 		1048576 		1048576
	42 	alloc 		26144 	-1 		1048576 		1048576
	43 	alloc 		55968 	-1 		1048576 		1048576
	44 	alloc 		17824 	-1 		1048576 		1048576
	45 	free 		26144 	-1 		1048576 		1048576
	46 	free 		57312 	-1 		1048576 		1048576
	47 	alloc 		49120 	-1 		1048576 		1048576
	48 	free 		71328 	-1 		1048576 		1048576
	49 	alloc 		87200 	-1 		1048576 		1048576
	50 	alloc 		16928 	-1 		1048576 		1048576
	51 	alloc 		10848 	-1 		1048576 		1048576
	52 	free 		16928 	-1 		1048576 		1048576
	53 	free 		87200 	-1 		1048576 		1048576
	54 	alloc 		110112 	-1 		1048576 		1048576
	55 	free 		113440 	-1 		1048576 		1048576
	56 	alloc 		36640 	-1 		1048576 		1048576
	57 	free 		110112 	-1 		1048576 		1048576
	58 	alloc 		90592 	-1 		1048576 		1048576
	59 	alloc 		32 	-1 		1048576 		1048576
	60 	free 		115040 	-1 		1048576 		1048576
	61 	alloc 		57312 	-1 		1048576 		1048576
	62 	alloc 		113952 	-1 		1048576 		1048576
	63 	free 		101408 	-1 		1048576 		1048576
	64 	alloc 		88160 	-1 		1048576 		1048576
	65 	free 		55968 	-1 		1048576 		1048576
	66 	free 		10848 	-1 		1048576 		1048576
	67 	alloc 		35424 	-1 		1048576 		1048576
	68 	alloc 		7584 	-1 		1048576 		1048576
	69 	free 		49120 	-1 		1048576 		1048576
	70 	free 		7584 	-1 		1048576 		1048576
	71 	alloc 		60960 	-1 		1048576 		1048576
	72 	alloc 		36704 	-1 		1048576 		1048576
	73 	free 		90592 	-1 		1048576 		1048576
	74 	free 		17824 	-1 		1048576 		1048576
	75 	alloc 		44512 	-1 		1048576 		1048576
	76 	alloc 		34656 	-1 		1048576 		1048576
	77 	free 		32 	-1 		1048576 		1048576
	78 	alloc 		85024 	-1 		1048576 		1048576
	79 	free 		36640 	-1 		1048576 		1048576
	80 	alloc 		42080 	-1 		1048576 		1048576
	81 	alloc 		39520 	-1 		1048576 		1048576
	82 	alloc 		79840 	-1 		1048576 		1048576
	83 	free 		42080 	-1 		1048576 		1048576
	84 	free 		57312 	-1 		1048576 		1048576
	85 	alloc 		79840 	-1 		1048576 		1048576
	86 	alloc 		110816 	-1 		1048576 		1048576
	87 	alloc 		61664 	-1 		1048576 		1048576
	88 	alloc 		51808 	-1 		1048576 		1048576
	89 	alloc 		53152 	-1 		1048576 		1048576
	90 	free 		35424 	-1 		1048576 		1048576
	91 	free 		113952 	-1 		1048576 		1048576
	92 	free 		85024 	-1 		1048576 		1048576
	93 	free 		88160 	-1 		1048576 		1048576
	94 	free 		44512 	-1 		1048576 		1048576
	95 	free 		36704 	-1 		1048576 		1048576
	96 	free 		34656 	-1 		1048576 		1048576
	97 	free 		39520 	-1 		1048576 		1048576
	98 	alloc 		40736 	-1 		1048576 		1048576
	99 	alloc 		108192 	-1 		1048576 		1048576
	100 	free 		60960 	-1 		1048576 		1048576
	101 	free 		79840 	-1 		1048576 		1048576
	102 	alloc 		43552 	-1 		1048576 		1048576
	103 	alloc 		95840 	-1 		1048576 		1048576
	104 	free 		40736 	-1 		1048576 		1048576
	105 	free 		53152 	-1 		1048576 		1048576
	106 	free 		95840 	-1 		1048576 		1048576
	107 	alloc 		10464 	-1 		1048576 		1048576
	108 	alloc 		51552 	-1 		1048576 		1048576
	109 	free 		110816 	-1 		1048576 		1048576
	110 	free 		51552 	-1 		1048576 		1048576
	111 	alloc 		31200 	-1 		1048576 		1048576
	112 	free 		79840 	-1 		1048576 		1048576
	113 	free 		51808 	-1 		1048576 		1048576
	114 	alloc 		63648 	-1 		1048576 		1048576
	115 	free 		61664 	-1 		1048576 		1048576
	116 	free 		108192 	-1 		1048576 		1048576
	117 	alloc 		96480 	-1 		1048576 		1048576
	118 	alloc 		44832 	-1 		1048576 		1048576
	119 	alloc 		24864 	-1 		1048576 		1048576
	120 	free 		24864 	-1 		1048576 		1048576
	121 	alloc 		80224 	-1 		1048576 		1048576
	122 	alloc 		91680 	-1 		1048576 		1048576
	123 	free 		10464 	-1 		1048576 		1048576
	124 	alloc 		94752 	-1 		1048576 		1048576
	125 	alloc 		113376 	-1 		1048576 		1048576
	126 	alloc 		82272 	-1 		1048576 		1048576
	127 	free 		43552 	-1 		1048576 		1048576
	128 	free 		31200 	-1 		1048576 		1048576
	129 	alloc 		124832 	-1 		1048576 		1048576
	130 	alloc 		45664 	-1 		1048576 		1048576
	131 	free 		63648 	-1 		1048576 		1048576
	132 	alloc 		94432 	-1 		1048576 		1048576
	133 	free 		82272 	-1 		1048576 		1048576
	134 	free 		94752 	-1 		1048576 		1048576
	135 	free 		91680 	-1 		1048576 		1048576
	136 	alloc 		44192 	-1 		1048576 		1048576
	137 	free 		94432 	-1 		1048576 		1048576
	138 	alloc 		93856 	-1 		1048576 		1048576
	139 	alloc 		124064 	-1 		1048576 		1048576
	140 	free 		44192 	-1 		1048576 		1048576
	141 	free 		44832 	-1 		1048576 		1048576
	142 	free 		80224 	-1 		1048576 		1048576
	143 	alloc 		24288 	-1 		1048576 		1048576
	144 	free 		96480 	-1 		1048576 		1048576
	145 	free 		124064 	-1 		1048576 		1048576
	146 	free 		113376 	-1 		1048576 		1048576
	147 	alloc 		84000 	-1 		1048576 		1048576
	148 	alloc 		62688 	-1 		1048576 		1048576
	149 	free 		84000 	-1 		1048576 		1048576
	150 	free 		124832 	-1 		1048576 		1048576
	151 	alloc 		123104 	-1 		1048576 		1048576
	152 	alloc 		84384 	-1 		1048576 		1048576
	153 	alloc 		67936 	-1 		1048576 		1048576
	154 	alloc 		67872 	-1 		1048576 		1048576
	155 	free 		62688 	-1 		1048576 		1048576
	156 	free 		45664 	-1 		1048576 		1048576
	157 	alloc 		91104 	-1 		1048576 		1048576
	158 	alloc 		21280 	-1 		1048576 		1048576
	159 	alloc 		8480 	-1 		1048576 		1048576
	160 	free 		93856 	-1 		1048576 		1048576
	161 	alloc 		27872 	-1 		1048576 		1048576
	162 	alloc 		30304 	-1 		1048576 		1048576
	163 	alloc 		44256 	-1 		1048576 		1048576
	164 	free 		21280 	-1 		1048576 		1048576
	165 	alloc 		93408 	-1 		1048576 		1048576
	166 	alloc 		46368 	-1 		1048576 		1048576
	167 	alloc 		47584 	-1 		1048576 		1048576
	168 	free 		91104 	-1 		1048576 		1048576
	169 	free 		44256 	-1 		1048576 		1048576
	170 	free 		123104 	-1 		1048576 		1048576
	171 	free 		24288 	-1 		1048576 		1048576
	172 	alloc 		122528 	-1 		1048576 		1048576
	173 	alloc 		56800 	-1 		1048576 		1048576
	174 	free 		67936 	-1 		1048576 		1048576
	175 	free 		67872 	-1 		1048576 		1048576
	176 	alloc 		69984 	-1 		1048576 		1048576
	177 	free 		84384 	-1 		1048576 		1048576
	178 	alloc 		92448 	-1 		1048576 		1048576
	179 	alloc 		18400 	-1 		1048576 		1048576
	180 	free 		27872 	-1 		1048576 		1048576
	181 	free 		8480 	-1 		1048576 		1048576
	182 	free 		122528 	-1 		1048576 		1048576
	183 	free 		30304 	-1 		1048576 		1048576
	184 	alloc 		74080 	-1 		1048576 		1048576
	185 	alloc 		114656 	-1 		1048576 		1048576
	186 	alloc 		93216 	-1 		1048576 		1048576
	187 	alloc 		103776 	-1 		1048576 		1048576
	188 	alloc 		3936 	-1 		1048576 		1048576
	189 	free 		46368 	-1 		1048576 		1048576
	190 	free 		93408 	-1 		1048576 		1048576
	191 	free 		69984 	-1 		1048576 		1048576
	192 	free 		47584 	-1 		1048576 		1048576
	193 	alloc 		94240 	-1 		1048576 		1048576
	194 	free 		93216 	-1 		1048576 		1048576
	195 	free 		18400 	-1 		1048576 		1048576
	196 	alloc 		112480 	-1 		1048576 		1048576
	197 	free 		56800 	-1 		1048576 		1048576
	198 	free 		103776 	-1 		1048576 		1048576
	199 	alloc 		102560 	-1 		1048576 		1048576
	200 	alloc 		91424 	-1 		1048576 		1048576
	201 	alloc 		69472 	-1 		1048576 		1048576
	202 	alloc 		15328 	-1 		1048576 		1048576
	203 	alloc 		14240 	-1 		1048576 		1048576
	204 	alloc 		105760 	-1 		1048576 		1048576
	205 	free 		92448 	-1 		1048576 		1048576
	206 	free 		74080 	-1 		1048576 		1048576
	207 	alloc 		80608 	-1 		1048576 		1048576
	208 	alloc 		101536 	-1 		1048576 		1048576
	209 	free 		91424 	-1 		1048576 		1048576
	210 	alloc 		63648 	-1 		1048576 		1048576
	211 	free 		112480 	-1 		1048576 		1048576
	212 	alloc 		46304 	-1 		1048576 		1048576
	213 	alloc 		112480 	-1 		1048576 		1048576
	214 	free 		114656 	-1 		1048576 		1048576
	215 	free 		3936 	-1 		1048576 		1048576
	216 	alloc 		48992 	-1 		1048576 		1048576
	217 	alloc 		128224 	-1 		1048576 		1048576
	218 	alloc 		65568 	-1 		1048576 		1048576
	219 	alloc 		14816 	-1 		1048576 		1048576
	220 	free 		15328 	-1 		1048576 		1048576
	221 	free 		46304 	-1 		1048576 		1048576
	222 	free 		94240 	-1 		1048576 		1048576
	223 	free 		63648 	-1 		1048576 		1048576
	224 	free 		14816 	-1 		1048576 		1048576
	225 	free 		69472 	-1 		1048576 		1048576
	226 	alloc 		122592 	-1 		1048576 		1048576
	227 	alloc 		16480 	-1 		1048576 		1048576
	228 	free 		101536 	-1 		1048576 		1048576
	229 	free 		102560 	-1 		1048576 		1048576
	230 	alloc 		122080 	-1 		1048576 		1048576
	231 	free 		14240 	-1 		1048576 		1048576
	232 	free 		112480 	-1 		1048576 		1048576
	233 	free 		105760 	-1 		1048576 		1048576
	234 	alloc 		116000 	-1 		1048576 		1048576
	235 	alloc 		65824 	-1 		1048576 		1048576
	236 	alloc 		110944 	-1 		1048576 		1048576
	237 	free 		80608 	-1 		1048576 		1048576
	238 	alloc 		36192 	-1 		1048576 		1048576
	239 	alloc 		58336 	-1 		1048576 		1048576
	240 	free 		48992 	-1 		1048576 		1048576
	241 	free 		122592 	-1 		1048576 		1048576
	242 	free 		116000 	-1 		1048576 		1048576
	243 	alloc 		57184 	-1 		1048576 		1048576
	244 	free 		16480 	-1 		1048576 		1048576
	245 	free 		65568 	-1 		1048576 		1048576
	246 	free 		128224 	-1 		1048576 		1048576
	247 	alloc 		105632 	-1 		1048576 		1048576
	248 	alloc 		121056 	-1 		1048576 		1048576
	249 	free 		121056 	-1 		1048576 		1048576
	250 	free 		122080 	-1 		1048576 		1048576
	251 	alloc 		42080 	-1 		1048576 		1048576
	252 	alloc 		87328 	-1 		1048576 		1048576
	253 	alloc 		8352 	-1 		1048576 		1048576
	254 	alloc 		48416 	-1 		1048576 		1048576
	255 	free 		105632 	-1 		1048576 		1048576
	256 	free 		42080 	-1 		1048576 		1048576
	257 	alloc 		17312 	-1 		1048576 		1048576
	258 	free 		57184 	-1 		1048576 		1048576
	259 	alloc 		63136 	-1 		1048576 		1048576
	260 	free 		110944 	-1 		1048576 		1048576
	261 	free 		65824 	-1 		1048576 		1048576
	262 	alloc 		47328 	-1 		1048576 		1048576
	263 	free 		36192 	-1 		1048576 		1048576
	264 	free 		58336 	-1 		1048576 		1048576
	265 	alloc 		52256 	-1 		1048576 		1048576
	266 	alloc 		118048 	-1 		1048576 		1048576
	267 	alloc 		98656 	-1 		1048576 		1048576
	268 	alloc 		11552 	-1 		1048576 		1048576
	269 	alloc 		125344 	-1 		1048576 		1048576
	270 	free 		17312 	-1 		1048576 		1048576
	271 	alloc 		116064 	-1 		1048576 		1048576
	272 	alloc 		69664 	-1 		1048576 		1048576
	273 	free 		116064 	-1 		1048576 		1048576
	274 	free 		48416 	-1 		1048576 		1048576
	275 	alloc 		114976 	-1 		1048576 		1048576
	276 	alloc 		44064 	-1 		1048576 		1048576
	277 	free 		8352 	-1 		1048576 		1048576
	278 	alloc 		39520 	-1 		1048576 		1048576
	279 	alloc 		106784 	-1 		1048576 		1048576
	280 	free 		47328 	-1 		1048576 		1048576
	281 	free 		87328 	-1 		1048576 		1048576
	282 	free 		63136 	-1 		1048576 		1048576
	283 	alloc 		24096 	-1 		1048576 		1048576
	284 	alloc 		71968 	-1 		1048576 		1048576
	285 	free 		44064 	-1 		1048576 		1048576
	286 	alloc 		58976 	-1 		1048576 		1048576
	287 	free 		69664 	-1 		1048576 		1048576
	288 	free 		98656 	-1 		1048576 		1048576
	289 	free 		125344 	-1 		1048576 		1048576
	290 	free 		106784 	-1 		1048576 		1048576
	291 	free 		52256 	-1 		1048576 		1048576
	292 	alloc 		111008 	-1 		1048576 		1048576
	293 	free 		11552 	-1 		1048576 		1048576
	294 	alloc 		42336 	-1 		1048576 		1048576
	295 	alloc 		121184 	-1 		1048576 		1048576
	296 	free 		118048 	-1 		1048576 		1048576
	297 	alloc 		26848 	-1 		1048576 		1048576
	298 	alloc 		77216 	-1 		1048576 		1048576
	299 	alloc 		103776 	-1 		1048576 		1048576
	300 	alloc 		120480 	-1 		1048576 		1048576
	301 	free 		71968 	-1 		1048576 		1048576
	302 	alloc 		118560 	-1 		1048576 		1048576
	303 	alloc 		42080 	-1 		1048576 		1048576
	304 	free 		114976 	-1 		1048576 		1048576
	305 	free 		39520 	-1 		1048576 		1048576
	306 	free 		42336 	-1 		1048576 		1048576
	307 	alloc 		72992 	-1 		1048576 		1048576
	308 	free 		118560 	-1 		1048576 		1048576
	309 	alloc 		44512 	-1 		1048576 		1048576
	310 	free 		120480 	-1 		1048576 		1048576
	311 	alloc 		32224 	-1 		1048576 		1048576
	312 	alloc 		87648 	-1 		1048576 		1048576
	313 	free 		24096 	-1 		1048576 		1048576
	314 	alloc 		32352 	-1 		1048576 		1048576
	315 	free 		58976 	-1 		1048576 		1048576
	316 	free 		26848 	-1 		1048576 		1048576
	317 	free 		111008 	-1 		1048576 		1048576
	318 	alloc 		63584 	-1 		1048576 		1048576
	319 	free 		42080 	-1 		1048576 		1048576
	320 	alloc 		30624 	-1 		1048576 		1048576
	321 	alloc 		18336 	-1 		1048576 		1048576
	322 	free 		121184 	-1 		1048576 		1048576
	323 	free 		44512 	-1 		1048576 		1048576
	324 	alloc 		224 	-1 		1048576 		1048576
	325 	free 		103776 	-1 		1048576 		1048576
	326 	alloc 		113760 	-1 		1048576 		1048576
	327 	free 		77216 	-1 		1048576 		1048576
	328 	alloc 		12960 	-1 		1048576 		1048576
	329 	alloc 		46688 	-1 		1048576 		1048576
	330 	alloc 		44128 	-1 		1048576 		1048576
	331 	alloc 		86176 	-1 		1048576 		1048576
	332 	alloc 		109792 	-1 		1048576 		1048576
	333 	free 		32352 	-1 		1048576 		1048576
	334 	alloc 		74784 	-1 		1048576 		1048576
	335 	free 		72992 	-1 		1048576 		1048576
	336 	alloc 		1376 	-1 		1048576 		1048576
	337 	free 		113760 	-1 		1048576 		1048576
	338 	free 		30624 	-1 		1048576 		1048576
	339 	free 		32224 	-1 		1048576 		1048576
	340 	free 		87648 	-1 		1048576 		1048576
	341 	alloc 		50848 	-1 		1048576 		1048576
	342 	alloc 		80800 	-1 		1048576 		1048576
	343 	free 		63584 	-1 		1048576 		1048576
	344 	free 		12960 	-1 		1048576 		1048576
	345 	alloc 		117088 	-1 		1048576 		1048576
	346 	alloc 		112864 	-1 		1048576 		1048576
	347 	alloc 		3616 	-1 		1048576 		1048576
	348 	free 		224 	-1 		1048576 		1048576
	349 	alloc 		56224 	-1 		1048576 		1048576
	350 	alloc 		128160 	-1 		1048576 		1048576
	351 	free 		18336 	-1 		1048576 		1048576
	352 	alloc 		85472 	-1 		1048576 		1048576
	353 	free 		44128 	-1 		1048576 		1048576
	354 	alloc 		55456 	-1 		1048576 		1048576
	355 	free 		46688 	-1 		1048576 		1048576
	356 	free 		74784 	-1 		1048576 		1048576
	357 	free 		1376 	-1 		1048576 		1048576
	358 	free 		109792 	-1 		1048576 		1048576
	359 	free 		86176 	-1 		1048576 		1048576
	360 	alloc 		23264 	-1 		1048576 		1048576
	361 	free 		50848 	-1 		1048576 		1048576
	362 	free 		80800 	-1 		1048576 		1048576
	363 	free 		117088 	-1 		1048576 		1048576
	364 	alloc 		37792 	-1 		1048576 		1048576
	365 	free 		3616 	-1 		1048576 		1048576
	366 	free 		23264 	-1 		1048576 		1048576
	367 	free 		56224 	-1 		1048576 		1048576
	368 	alloc 		69728 	-1 		1048576 		1048576
	369 	alloc 		2208 	-1 		1048576 		1048576
	370 	alloc 		6368 	-1 		1048576 		1048576
	371 	alloc 		40608 	-1 		1048576 		1048576
	372 	alloc 		103328 	-1 		1048576 		1048576
	373 	alloc 		53280 	-1 		1048576 		1048576
	374 	free 		112864 	-1 		1048576 		1048576
	375 	alloc 		87200 	-1 		1048576 		1048576
	376 	free 		69728 	-1 		1048576 		1048576
	377 	alloc 		70752 	-1 		1048576 		1048576
	378 	alloc 		68832 	-1 		1048576 		1048576
	379 	free 		85472 	-1 		1048576 		1048576
	380 	free 		128160 	-1 		1048576 		1048576
	381 	alloc 		36000 	-1 		1048576 		1048576
	382 	free 		55456 	-1 		1048576 		1048576
	383 	free 		37792 	-1 		1048576 		1048576
	384 	alloc 		117344 	-1 		1048576 		1048576
	385 	alloc 		46176 	-1 		1048576 		1048576
	386 	free 		87200 	-1 		1048576 		1048576
	387 	alloc 		83872 	-1 		1048576 		1048576
	388 	free 		40608 	-1 		1048576 		1048576
	389 	alloc 		118112 	-1 		1048576 		1048576
	390 	free 		36000 	-1 		1048576 		1048576
	391 	free 		103328 	-1 		1048576 		1048576
	392 	alloc 		91808 	-1 		1048576 		1048576
	393 	free 		53280 	-1 		1048576 		1048576
	394 	alloc 		40608 	-1 		1048576 		1048576
	395 	alloc 		27040 	-1 		1048576 		1048576
	396 	free 		118112 	-1 		1048576 		1048576
	397 	free 		6368 	-1 		1048576 		1048576
	398 	free 		2208 	-1 		1048576 		1048576
	399 	alloc 		37344 	-1 		1048576 		1048576
	400 	alloc 		45152 	-1 		1048576 		1048576
	401 	alloc 		21152 	-1 		1048576 		1048576
	402 	alloc 		107168 	-1 		1048576 		1048576
	403 	alloc 		72416 	-1 		1048576 		1048576
	404 	free 		83872 	-1 		1048576 		1048576
	405 	free 		70752 	-1 		1048576 		1048576
	406 	alloc 		30944 	-1 		1048576 		1048576
	407 	free 		68832 	-1 		1048576 		1048576
	408 	alloc 		66208 	-1 		1048576 		1048576
	409 	alloc 		108512 	-1 		1048576 		1048576
	410 	free 		45152 	-1 		1048576 		1048576
	411 	free 		91808 	-1 		1048576 		1048576
	412 	alloc 		64160 	-1 		1048576 		1048576
	413 	free 		46176 	-1 		1048576 		1048576
	414 	free 		117344 	-1 		1048576 		1048576
	415 	alloc 		22304 	-1 		1048576 		1048576
	416 	free 		21152 	-1 		1048576 		1048576
	417 	alloc 		28896 	-1 		1048576 		1048576
	418 	free 		27040 	-1 		1048576 		1048576
	419 	free 		37344 	-1 		1048576 		1048576
	420 	free 		40608 	-1 		1048576 		1048576
	421 	free 		72416 	-1 		1048576 		1048576
	422 	free 		66208 	-1 		1048576 		1048576
	423 	alloc 		61856 	-1 		1048576 		1048576
	424 	free 		107168 	-1 		1048576 		1048576
	425 	free 		30944 	-1 		1048576 		1048576
	426 	alloc 		54688 	-1 		1048576 		1048576
	427 	alloc 		7648 	-1 		1048576 		1048576
	428 	alloc 		85728 	-1 		1048576 		1048576
	429 	alloc 		111136 	-1 		1048576 		1048576
	430 	free 		28896 	-1 		1048576 		1048576
	431 	free 		54688 	-1 		1048576 		1048576
	432 	free 		22304 	-1 		1048576 		1048576
	433 	alloc 		10784 	-1 		1048576 		1048576
	434 	alloc 		95520 	-1 		1048576 		1048576
	435 	free 		61856 	-1 		1048576 		1048576
	436 	free 		108512 	-1 		1048576 		1048576
	437 	free 		111136 	-1 		1048576 		1048576
	438 	alloc 		67104 	-1 		1048576 		1048576
	439 	alloc 		129184 	-1 		1048576 		1048576
	440 	free 		64160 	-1 		1048576 		1048576
	441 	free 		10784 	-1 		1048576 		1048576
	442 	alloc 		7904 	-1 		1048576 		1048576
	443 	free 		85728 	-1 		1048576 		1048576
	444 	alloc 		18784 	-1 		1048576 		1048576
	445 	alloc 		40032 	-1 		1048576 		1048576
	446 	alloc 		119200 	-1 		1048576 		1048576
	447 	alloc 		28384 	-1 		1048576 		1048576
	448 	alloc 		103264 	-1 		1048576 		1048576
	449 	alloc 		74464 	-1 		1048576 		1048576
	450 	alloc 		3936 	-1 		1048576 		1048576
	451 	free 		129184 	-1 		1048576 		1048576
	452 	alloc 		13728 	-1 		1048576 		1048576
	453 	free 		7904 	-1 		1048576 		1048576
	454 	free 		67104 	-1 		1048576 		1048576
	455 	alloc 		89696 	-1 		1048576 		1048576
	456 	free 		119200 	-1 		1048576 		1048576
	457 	free 		7648 	-1 		1048576 		1048576
	458 	free 		74464 	-1 		1048576 		1048576
	459 	free 		103264 	-1 		1048576 		1048576
	460 	alloc 		96224 	-1 		1048576 		1048576
	461 	alloc 		114784 	-1 		1048576 		1048576
	462 	free 		89696 	-1 		1048576 		1048576
	463 	free 		40032 	-1 		1048576 		1048576
	464 	free 		95520 	-1 		1048576 		1048576
	465 	alloc 		47200 	-1 		1048576 		1048576
	466 	alloc 		45152 	-1 		1048576 		1048576
	467 	free 		3936 	-1 		1048576 		1048576
	468 	alloc 		11680 	-1 		1048576 		1048576
	469 	alloc 		91040 	-1 		1048576 		1048576
	470 	free 		11680 	-1 		1048576 		1048576
	471 	alloc 		126944 	-1 		1048576 		1048576
	472 	free 		28384 	-1 		1048576 		1048576
	473 	free 		126944 	-1 		1048576 		1048576
	474 	free 		18784 	-1 		1048576 		1048576
	475 	alloc 		105248 	-1 		1048576 		1048576
	476 	alloc 		111264 	-1 		1048576 		1048576
	477 	free 		96224 	-1 		1048576 		1048576
	478 	alloc 		54624 	-1 		1048576 		1048576
	479 	free 		13728 	-1 		1048576 		1048576
	480 	free 		91040 	-1 		1048576 		1048576
	481 	free 		45152 	-1 		1048576 		1048576
	482 	free 		111264 	-1 		1048576 		1048576
	483 	free 		114784 	-1 		1048576 		1048576
	484 	alloc 		115872 	-1 		1048576 		1048576
	485 	alloc 		97376 	-1 		1048576 		1048576
	486 	alloc 		71264 	-1 		1048576 		1048576
	487 	alloc 		30880 	-1 		1048576 		1048576
	488 	alloc 		34016 	-1 		1048576 		1048576
	489 	alloc 		121504 	-1 		1048576 		1048576
	490 	alloc 		34784 	-1 		1048576 		1048576
	491 	free 		47200 	-1 		1048576 		1048576
	492 	alloc 		41248 	-1 		1048576 		1048576
	493 	alloc 		63904 	-1 		1048576 		1048576
	494 	free 		121504 	-1 		1048576 		1048576
	495 	alloc 		127520 	-1 		1048576 		1048576
	496 	free 		41248 	-1 		1048576 		1048576
	497 	free 		71264 	-1 		1048576 		1048576
	498 	free 		54624 	-1 		1048576 		1048576
	499 	free 		115872 	-1 		1048576 		1048576
	500 	alloc 		33760 	-1 		1048576 		1048576
	501 	free 		105248 	-1 		1048576 		1048576
	502 	alloc 		78112 	-1 		1048576 		1048576
	503 	free 		127520 	-1 		1048576 		1048576
	504 	alloc 		40928 	-1 		1048576 		1048576
	505 	alloc 		32800 	-1 		1048576 		1048576
	506 	alloc 		17568 	-1 		1048576 		1048576
	507 	free 		63904 	-1 		1048576 		1048576
	508 	free 		97376 	-1 		1048576 		1048576
	509 	free 		30880 	-1 		1048576 		1048576
	510 	free 		34016 	-1 		1048576 		1048576
	511 	alloc 		32672 	-1 		1048576 		1048576
	512 	alloc 		93280 	-1 		1048576 		1048576
	513 	free 		33760 	-1 		1048576 		1048576
	514 	alloc 		129056 	-1 		1048576 		1048576
	515 	free 		32800 	-1 		1048576 		1048576
	516 	free 		17568 	-1 		1048576 		1048576
	517 	free 		34784 	-1 		1048576 		1048576
	518 	alloc 		123872 	-1 		1048576 		1048576
	519 	alloc 		40160 	-1 		1048576 		1048576
	520 	alloc 		108320 	-1 		1048576 		1048576
	521 	alloc 		14752 	-1 		1048576 		1048576
	522 	alloc 		92512 	-1 		1048576 		1048576
	523 	free 		123872 	-1 		1048576 		1048576
	524 	free 		129056 	-1 		1048576 		1048576
	525 	free 		40928 	-1 		1048576 		1048576
	526 	free 		108320 	-1 		1048576 		1048576
	527 	alloc 		71904 	-1 		1048576 		1048576
	528 	alloc 		32608 	-1 		1048576 		1048576
	529 	free 		78112 	-1 		1048576 		1048576
	530 	alloc 		19360 	-1 		1048576 		1048576
	531 	alloc 		76256 	-1 		1048576 		1048576
	532 	alloc 		83040 	-1 		1048576 		1048576
	533 	free 		32672 	-1 		1048576 		1048576
	534 	free 		92512 	-1 		1048576 		1048576
	535 	alloc 		117408 	-1 		1048576 		1048576
	536 	alloc 		103520 	-1 		1048576 		1048576
	537 	alloc 		55584 	-1 		1048576 		1048576
	538 	alloc 		35168 	-1 		1048576 		1048576
	539 	free 		14752 	-1 		1048576 		1048576
	540 	free 		35168 	-1 		1048576 		1048576
	541 	free 		93280 	-1 		1048576 		1048576
	542 	alloc 		57888 	-1 		1048576 		1048576
	543 	free 		40160 	-1 		1048576 		1048576
	544 	alloc 		105312 	-1 		1048576 		1048576
	545 	free 		76256 	-1 		1048576 		1048576
	546 	alloc 		23584 	-1 		1048576 		1048576
	547 	alloc 		95584 	-1 		1048576 		1048576
	548 	free 		23584 	-1 		1048576 		1048576
	549 	alloc 		33632 	-1 		1048576 		1048576
	550 	free 		71904 	-1 		1048576 		1048576
	551 	alloc 		117344 	-1 		1048576 		1048576
	552 	free 		32608 	-1 		1048576 		1048576
	553 	free 		19360 	-1 		1048576 		1048576
	554 	alloc 		49888 	-1 		1048576 		1048576
	555 	free 		49888 	-1 		1048576 		1048576
	556 	alloc 		126048 	-1 		1048576 		1048576
	557 	free 		95584 	-1 		1048576 		1048576
	558 	free 		126048 	-1 		1048576 		1048576
	559 	free 		117408 	-1 		1048576 		1048576
	560 	free 		83040 	-1 		1048576 		1048576
	561 	alloc 		76064 	-1 		1048576 		1048576
	562 	alloc 		36832 	-1 		1048576 		1048576
	563 	free 		57888 	-1 		1048576 		1048576
	564 	free 		105312 	-1 		1048576 		1048576
	565 	free 		55584 	-1 		1048576 		1048576
	566 	free 		103520 	-1 		1048576 		1048576
	567 	alloc 		71008 	-1 		1048576 		1048576
	568 	alloc 		8672 	-1 		1048576 		1048576
	569 	free 		117344 	-1 		1048576 		1048576
	570 	alloc 		49760 	-1 		1048576 		1048576
	571 	alloc 		94816 	-1 		1048576 		1048576
	572 	free 		94816 	-1 		1048576 		1048576
	573 	alloc 		127328 	-1 		1048576 		1048576
	574 	free 		36832 	-1 		1048576 		1048576
	575 	free 		76064 	-1 		1048576 		1048576
	576 	alloc 		72992 	-1 		1048576 		1048576
	577 	free 		33632 	-1 		1048576 		1048576
	578 	free 		127328 	-1 		1048576 		1048576
	579 	alloc 		93408 	-1 		1048576 		1048576
	580 	alloc 		81568 	-1 		1048576 		1048576
	581 	alloc 		100960 	-1 		1048576 		1048576
	582 	alloc 		52576 	-1 		1048576 		1048576
	583 	alloc 		69664 	-1 		1048576 		1048576
	584 	alloc 		75040 	-1 		1048576 		1048576
	585 	free 		75040 	-1 		1048576 		1048576
	586 	alloc 		82656 	-1 		1048576 		1048576
	587 	alloc 		72864 	-1 		1048576 		1048576
	588 	free 		71008 	-1 		1048576 		1048576
	589 	alloc 		62432 	-1 		1048576 		1048576
	590 	alloc 		53280 	-1 		1048576 		1048576
	591 	alloc 		48992 	-1 		1048576 		1048576
	592 	alloc 		58208 	-1 		1048576 		1048576
	593 	free 		93408 	-1 		1048576 		1048576
	594 	free 		49760 	-1 		1048576 		1048576
	595 	free 		62432 	-1 		1048576 		1048576
	596 	free 		8672 	-1 		1048576 		1048576
	597 	free 		48992 	-1 		1048576 		1048576
	598 	free 		72864 	-1 		1048576 		1048576
	599 	alloc 		55456 	-1 		1048576 		1048576
	600 	alloc 		35232 	-1 		1048576 		1048576
	601 	free 		72992 	-1 		1048576 		1048576
	602 	free 		35232 	-1 		1048576 		1048576
	603 	alloc 		1824 	-1 		1048576 		1048576
	604 	alloc 		65568 	-1 		1048576 		1048576
	605 	alloc 		57440 	-1 		1048576 		1048576
	606 	free 		1824 	-1 		1048576 		1048576
	607 	free 		81568 	-1 		1048576 		1048576
	608 	free 		52576 	-1 		1048576 		1048576
	609 	alloc 		24288 	-1 		1048576 		1048576
	610 	alloc 		91040 	-1 		1048576 		1048576
	611 	free 		100960 	-1 		1048576 		1048576
	612 	alloc 		102944 	-1 		1048576 		1048576
	613 	free 		69664 	-1 		1048576 		1048576
	614 	alloc 		78304 	-1 		1048576 		1048576
	615 	free 		82656 	-1 		1048576 		1048576
	616 	free 		55456 	-1 		1048576 		1048576
	617 	alloc 		98528 	-1 		1048576 		1048576
	618 	alloc 		54304 	-1 		1048576 		1048576
	619 	free 		53280 	-1 		1048576 		1048576
	620 	free 		58208 	-1 		1048576 		1048576
	621 	alloc 		126240 	-1 		1048576 		1048576
	622 	free 		24288 	-1 		1048576 		1048576
	623 	alloc 		97568 	-1 		1048576 		1048576
	624 	free 		57440 	-1 		1048576 		1048576
	625 	free 		54304 	-1 		1048576 		1048576
	626 	alloc 		78560 	-1 		1048576 		1048576
	627 	alloc 		57952 	-1 		1048576 		1048576
	628 	free 		65568 	-1 		1048576 		1048576
	629 	alloc 		81184 	-1 		1048576 		1048576
	630 	free 		91040 	-1 		1048576 		1048576
	631 	alloc 		76000 	-1 		1048576 		1048576
	632 	alloc 		108896 	-1 		1048576 		1048576
	633 	alloc 		15136 	-1 		1048576 		1048576
	634 	alloc 		65696 	-1 		1048576 		1048576
	635 	alloc 		100448 	-1 		1048576 		1048576
	636 	free 		78560 	-1 		1048576 		1048576
	637 	free 		97568 	-1 		1048576 		1048576
	638 	free 		15136 	-1 		1048576 		1048576
	639 	free 		98528 	-1 		1048576 		1048576
	640 	free 		102944 	-1 		1048576 		1048576
	641 	alloc 		67424 	-1 		1048576 		1048576
	642 	free 		65696 	-1 		1048576 		1048576
	643 	free 		78304 	-1 		1048576 		1048576
	644 	alloc 		15648 	-1 		1048576 		1048576
	645 	alloc 		19744 	-1 		1048576 		1048576
	646 	alloc 		117536 	-1 		1048576 		1048576
	647 	free 		126240 	-1 		1048576 		1048576
	648 	free 		67424 	-1 		1048576 		1048576
	649 	free 		81184 	-1 		1048576 		1048576
	650 	alloc 		76512 	-1 		1048576 		1048576
	651 	alloc 		80928 	-1 		1048576 		1048576
	652 	alloc 		41568 	-1 		1048576 		1048576
	653 	free 		100448 	-1 		1048576 		1048576
	654 	alloc 		48608 	-1 		1048576 		1048576
	655 	free 		76000 	-1 		1048576 		1048576
	656 	free 		57952 	-1 		1048576 		1048576
	657 	free 		108896 	-1 		1048576 		1048576
	658 	alloc 		55712 	-1 		1048576 		1048576
	659 	free 		19744 	-1 		1048576 		1048576
	660 	free 		55712 	-1 		1048576 		1048576
	661 	alloc 		27296 	-1 		1048576 		1048576
	662 	free 		117536 	-1 		1048576 		1048576
	663 	alloc 		127584 	-1 		1048576 		1048576
	664 	alloc 		12704 	-1 		1048576 		1048576
	665 	free 		15648 	-1 		1048576 		1048576
	666 	free 		41568 	-1 		1048576 		1048576
	667 	alloc 		105632 	-1 		1048576 		1048576
	668 	free 		80928 	-1 		1048576 		1048576
	669 	free 		105632 	-1 		1048576 		1048576
	670 	alloc 		53664 	-1 		1048576 		1048576
	671 	alloc 		30752 	-1 		1048576 		1048576
	672 	free 		53664 	-1 		1048576 		1048576
	673 	alloc 		51552 	-1 		1048576 		1048576
	674 	alloc 		59232 	-1 		1048576 		1048576
	675 	free 		48608 	-1 		1048576 		1048576
	676 	alloc 		126816 	-1 		1048576 		1048576
	677 	free 		12704 	-1 		1048576 		1048576
	678 	alloc 		54688 	-1 		1048576 		1048576
	679 	alloc 		9760 	-1 		1048576 		1048576
	680 	free 		76512 	-1 		1048576 		1048576
	681 	alloc 		111456 	-1 		1048576 		1048576
	682 	alloc 		28896 	-1 		1048576 		1048576
	683 	alloc 		45088 	-1 		1048576 		1048576
	684 	free 		30752 	-1 		1048576 		1048576
	685 	alloc 		11040 	-1 		1048576 		1048576
	686 	free 		127584 	-1 		1048576 		1048576
	687 	alloc 		52000 	-1 		1048576 		1048576
	688 	alloc 		16736 	-1 		1048576 		1048576
	689 	alloc 		62816 	-1 		1048576 		1048576
	690 	free 		16736 	-1 		1048576 		1048576
	691 	free 		27296 	-1 		1048576 		1048576
	692 	free 		59232 	-1 		1048576 		1048576
	693 	free 		51552 	-1 		1048576 		1048576
	694 	alloc 		3040 	-1 		1048576 		1048576
	695 	alloc 		56672 	-1 		1048576 		1048576
	696 	alloc 		31584 	-1 		1048576 		1048576
	697 	free 		28896 	-1 		1048576 		1048576
	698 	free 		45088 	-1 		1048576 		1048576
	699 	free 		9760 	-1 		1048576 		1048576
	700 	free 		111456 	-1 		1048576 		1048576
	701 	alloc 		81888 	-1 		1048576 		1048576
	702 	free 		11040 	-1 		1048576 		1048576
	703 	alloc 		44320 	-1 		1048576 		1048576
	704 	alloc 		75040 	-1 		1048576 		1048576
	705 	free 		126816 	-1 		1048576 		1048576
	706 	free 		54688 	-1 		1048576 		1048576
	707 	alloc 		113376 	-1 		1048576 		1048576
	708 	free 		44320 	-1 		1048576 		1048576
	709 	alloc 		21472 	-1 		1048576 		1048576
	710 	alloc 		19744 	-1 		1048576 		1048576
	711 	free 		52000 	-1 		1048576 		1048576
	712 	free 		3040 	-1 		1048576 		1048576
	713 	alloc 		123936 	-1 		1048576 		1048576
	714 	alloc 		117664 	-1 		1048576 		1048576
	715 	free 		81888 	-1 		1048576 		1048576
	716 	free 		62816 	-1 		1048576 		1048576
	717 	alloc 		71712 	-1 		1048576 		1048576
	718 	free 		113376 	-1 		1048576 		1048576
	719 	alloc 		31584 	-1 		1048576 		1048576
	720 	free 		56672 	-1 		1048576 		1048576
	721 	alloc 		114592 	-1 		1048576 		1048576
	722 	free 		71712 	-1 		1048576 		1048576
	723 	alloc 		608 	-1 		1048576 		1048576
	724 	alloc 		19360 	-1 		1048576 		1048576
	725 	alloc 		58592 	-1 		1048576 		1048576
	726 	free 		31584 	-1 		1048576 		1048576
	727 	free 		21472 	-1 		1048576 		1048576
	728 	free 		58592 	-1 		1048576 		1048576
	729 	alloc 		51360 	-1 		1048576 		1048576
	730 	free 		123936 	-1 		1048576 		1048576
	731 	free 		75040 	-1 		1048576 		1048576
	732 	free 		19744 	-1 		1048576 		1048576
	733 	alloc 		22112 	-1 		1048576 		1048576
	734 	alloc 		108960 	-1 		1048576 		1048576
	735 	alloc 		18016 	-1 		1048576 		1048576
	736 	alloc 		24864 	-1 		1048576 		1048576
	737 	alloc 		92064 	-1 		1048576 		1048576
	738 	free 		108960 	-1 		1048576 		1048576
	739 	alloc 		88800 	-1 		1048576 		1048576
	740 	free 		114592 	-1 		1048576 		1048576
	741 	alloc 		27296 	-1 		1048576 		1048576
	742 	free 		31584 	-1 		1048576 		1048576
	743 	free 		117664 	-1 		1048576 		1048576
	744 	free 		608 	-1 		1048576 		1048576
	745 	free 		88800 	-1 		1048576 		1048576
	746 	alloc 		99040 	-1 		1048576 		1048576
	747 	free 		19360 	-1 		1048576 		1048576
	748 	free 		22112 	-1 		1048576 		1048576
	749 	alloc 		117920 	-1 		1048576 		1048576
	750 	free 		99040 	-1 		1048576 		1048576
	751 	free 		92064 	-1 		1048576 		1048576
	752 	free 		18016 	-1 		1048576 		1048576
	753 	alloc 		76064 	-1 		1048576 		1048576
	754 	free 		51360 	-1 		1048576 		1048576
	755 	alloc 		38816 	-1 		1048576 		1048576
	756 	alloc 		32544 	-1 		1048576 		1048576
	757 	free 		76064 	-1 		1048576 		1048576
	758 	alloc 		22880 	-1 		1048576 		1048576
	759 	free 		24864 	-1 		1048576 		1048576
	760 	alloc 		56096 	-1 		1048576 		1048576
	761 	alloc 		31328 	-1 		1048576 		1048576
	762 	alloc 		3360 	-1 		1048576 		1048576
	763 	free 		22880 	-1 		1048576 		1048576
	764 	alloc 		105696 	-1 		1048576 		1048576
	765 	alloc 		97952 	-1 		1048576 		1048576
	766 	free 		117920 	-1 		1048576 		1048576
	767 	free 		27296 	-1 		1048576 		1048576
	768 	alloc 		19808 	-1 		1048576 		1048576
	769 	alloc 		18272 	-1 		1048576 		1048576
	770 	alloc 		115680 	-1 		1048576 		1048576
	771 	alloc 		53984 	-1 		1048576 		1048576
	772 	free 		115680 	-1 		1048576 		1048576
	773 	free 		38816 	-1 		1048576 		1048576
	774 	alloc 		112032 	-1 		1048576 		1048576
	775 	alloc 		5792 	-1 		1048576 		1048576
	776 	free 		31328 	-1 		1048576 		1048576
	777 	free 		32544 	-1 		1048576 		1048576
	778 	free 		5792 	-1 		1048576 		1048576
	779 	alloc 		28384 	-1 		1048576 		1048576
	780 	alloc 		121824 	-1 		1048576 		1048576
	781 	free 		18272 	-1 		1048576 		1048576
	782 	free 		19808 	-1 		1048576 		1048576
	783 	alloc 		15456 	-1 		1048576 		1048576
	784 	free 		97952 	-1 		1048576 		1048576
	785 	free 		15456 	-1 		1048576 		1048576
	786 	free 		105696 	-1 		1048576 		1048576
	787 	alloc 		17824 	-1 		1048576 		1048576
	788 	free 		112032 	-1 		1048576 		1048576
	789 	alloc 		16736 	-1 		1048576 		1048576
	790 	free 		56096 	-1 		1048576 		1048576
	791 	free 		3360 	-1 		1048576 		1048576
	792 	alloc 		81376 	-1 		1048576 		1048576
	793 	alloc 		39328 	-1 		1048576 		1048576
	794 	alloc 		34592 	-1 		1048576 		1048576
	795 	free 		53984 	-1 		1048576 		1048576
	796 	alloc 		124896 	-1 		1048576 		1048576
	797 	free 		39328 	-1 		1048576 		1048576
	798 	alloc 		69856 	-1 		1048576 		1048576
	799 	alloc 		92640 	-1 		1048576 		1048576
	800 	free 		28384 	-1 		1048576 		1048576
	801 	free 		16736 	-1 		1048576 		1048576
	802 	alloc 		126624 	-1 		1048576 		1048576
	803 	alloc 		16864 	-1 		1048576 		1048576
	804 	free 		92640 	-1 		1048576 		1048576
	805 	free 		81376 	-1 		1048576 		1048576
	806 	free 		121824 	-1 		1048576 		1048576
	807 	alloc 		39520 	-1 		1048576 		1048576
	808 	alloc 		4128 	-1 		1048576 		1048576
	809 	free 		16864 	-1 		1048576 		1048576
	810 	free 		17824 	-1 		1048576 		1048576
	811 	alloc 		125984 	-1 		1048576 		1048576
	812 	alloc 		107040 	-1 		1048576 		1048576
	813 	alloc 		123808 	-1 		1048576 		1048576
	814 	alloc 		77088 	-1 		1048576 		1048576
	815 	free 		123808 	-1 		1048576 		1048576
	816 	free 		126624 	-1 		1048576 		1048576
	817 	free 		69856 	-1 		1048576 		1048576
	818 	free 		39520 	-1 		1048576 		1048576
	819 	alloc 		82912 	-1 		1048576 		1048576
	820 	alloc 		51552 	-1 		1048576 		1048576
	821 	alloc 		67360 	-1 		1048576 		1048576
	822 	free 		34592 	-1 		1048576 		1048576
	823 	alloc 		76000 	-1 		1048576 		1048576
	824 	alloc 		23840 	-1 		1048576 		1048576
	825 	free 		124896 	-1 		1048576 		1048576
	826 	free 		76000 	-1 		1048576 		1048576
	827 	alloc 		38112 	-1 		1048576 		1048576
	828 	alloc 		110112 	-1 		1048576 		1048576
	829 	free 		67360 	-1 		1048576 		1048576
	830 	free 		110112 	-1 		1048576 		1048576
	831 	free 		4128 	-1 		1048576 		1048576
	832 	alloc 		2656 	-1 		1048576 		1048576
	833 	free 		2656 	-1 		1048576 		1048576
	834 	alloc 		120352 	-1 		1048576 		1048576
	835 	alloc 		80864 	-1 		1048576 		1048576
	836 	alloc 		48544 	-1 		1048576 		1048576
	837 	free 		125984 	-1 		1048576 		1048576
	838 	alloc 		18784 	-1 		1048576 		1048576
	839 	alloc 		50592 	-1 		1048576 		1048576
	840 	free 		107040 	-1 		1048576 		1048576
	841 	alloc 		54880 	-1 		1048576 		1048576
	842 	free 		77088 	-1 		1048576 		1048576
	843 	free 		51552 	-1 		1048576 		1048576
	844 	free 		120352 	-1 		1048576 		1048576
	845 	free 		82912 	-1 		1048576 		1048576
	846 	alloc 		103264 	-1 		1048576 		1048576
	847 	alloc 		114464 	-1 		1048576 		1048576
	848 	free 		103264 	-1 		1048576 		1048576
	849 	alloc 		14112 	-1 		1048576 		1048576
	850 	free 		48544 	-1 		1048576 		1048576
	851 	alloc 		21344 	-1 		1048576 		1048576
	852 	free 		114464 	-1 		1048576 		1048576
	853 	free 		80864 	-1 		1048576 		1048576
	854 	free 		23840 	-1 		1048576 		1048576
	855 	alloc 		56928 	-1 		1048576 		1048576
	856 	alloc 		126624 	-1 		1048576 		1048576
	857 	free 		38112 	-1 		1048576 		1048576
	858 	alloc 		63584 	-1 		1048576 		1048576
	859 	free 		50592 	-1 		1048576 		1048576
	860 	free 		54880 	-1 		1048576 		1048576
	861 	alloc 		18912 	-1 		1048576 		1048576
	862 	free 		18784 	-1 		1048576 		1048576
	863 	alloc 		111328 	-1 		1048576 		1048576
	864 	alloc 		113120 	-1 		1048576 		1048576
	865 	alloc 		59104 	-1 		1048576 		1048576
	866 	alloc 		2592 	-1 		1048576 		1048576
	867 	alloc 		800 	-1 		1048576 		1048576
	868 	free 		18912 	-1 		1048576 		1048576
	869 	alloc 		92832 	-1 		1048576 		1048576
	870 	alloc 		125088 	-1 		1048576 		1048576
	871 	alloc 		124128 	-1 		1048576 		1048576
	872 	free 		800 	-1 		1048576 		1048576
	873 	alloc 		80736 	-1 		1048576 		1048576
	874 	alloc 		24736 	-1 		1048576 		1048576
	875 	free 		126624 	-1 		1048576 		1048576
	876 	free 		14112 	-1 		1048576 		1048576
	877 	free 		2592 	-1 		1048576 		1048576
	878 	alloc 		58400 	-1 		1048576 		1048576
	879 	alloc 		7584 	-1 		1048576 		1048576
	880 	free 		111328 	-1 		1048576 		1048576
	881 	free 		21344 	-1 		1048576 		1048576
	882 	free 		125088 	-1 		1048576 		1048576
	883 	free 		59104 	-1 		1048576 		1048576
	884 	free 		63584 	-1 		1048576 		1048576
	885 	free 		56928 	-1 		1048576 		1048576
	886 	alloc 		117920 	-1 		1048576 		1048576
	887 	alloc 		14752 	-1 		1048576 		1048576
	888 	free 		124128 	-1 		1048576 		1048576
	889 	free 		7584 	-1 		1048576 		1048576
	890 	free 		58400 	-1 		1048576 		1048576
	891 	free 		113120 	-1 		1048576 		1048576
	892 	free 		24736 	-1 		1048576 		1048576
	893 	alloc 		107744 	-1 		1048576 		1048576
	894 	alloc 		57568 	-1 		1048576 		1048576
	895 	alloc 		160 	-1 		1048576 		1048576
	896 	alloc 		58720 	-1 		1048576 		1048576
	897 	free 		92832 	-1 		1048576 		1048576
	898 	alloc 		121440 	-1 		1048576 		1048576
	899 	free 		80736 	-1 		1048576 		1048576
	900 	alloc 		38496 	-1 		1048576 		1048576
	901 	free 		160 	-1 		1048576 		1048576
	902 	alloc 		29344 	-1 		1048576 		1048576
	903 	free 		117920 	-1 		1048576 		1048576
	904 	free 		14752 	-1 		1048576 		1048576
	905 	alloc 		25120 	-1 		1048576 		1048576
	906 	alloc 		29984 	-1 		1048576 		1048576
	907 	free 		25120 	-1 		1048576 		1048576
	908 	free 		107744 	-1 		1048576 		1048576
	909 	free 		29984 	-1 		1048576 		1048576
	910 	alloc 		59104 	-1 		1048576 		1048576
	911 	free 		58720 	-1 		1048576 		1048576
	912 	alloc 		77344 	-1 		1048576 		1048576
	913 	free 		38496 	-1 		1048576 		1048576
	914 	alloc 		25312 	-1 		1048576 		1048576
	915 	alloc 		14112 	-1 		1048576 		1048576
	916 	free 		57568 	-1 		1048576 		1048576
	917 	alloc 		42336 	-1 		1048576 		1048576
	918 	alloc 		18976 	-1 		1048576 		1048576
	919 	alloc 		68192 	-1 		1048576 		1048576
	920 	free 		29344 	-1 		1048576 		1048576
	921 	free 		68192 	-1 		1048576 		1048576
	922 	free 		59104 	-1 		1048576 		1048576
	923 	alloc 		25504 	-1 		1048576 		1048576
	924 	free 		121440 	-1 		1048576 		1048576
	925 	free 		77344 	-1 		1048576 		1048576
	926 	alloc 		4576 	-1 		1048576 		1048576
	927 	free 		18976 	-1 		1048576 		1048576
	928 	free 		14112 	-1 		1048576 		1048576
	929 	alloc 		126048 	-1 		1048576 		1048576
	930 	free 		126048 	-1 		1048576 		1048576
	931 	alloc 		34464 	-1 		1048576 		1048576
	932 	free 		4576 	-1 		1048576 		1048576
	933 	alloc 		22240 	-1 		1048576 		1048576
	934 	alloc 		30048 	-1 		1048576 		1048576
	935 	free 		25312 	-1 		1048576 		1048576
	936 	alloc 		68704 	-1 		1048576 		1048576
	937 	alloc 		60768 	-1 		1048576 		1048576
	938 	free 		42336 	-1 		1048576 		1048576
	939 	alloc 		126368 	-1 		1048576 		1048576
	940 	alloc 		110624 	-1 		1048576 		1048576
	941 	alloc 		57248 	-1 		1048576 		1048576
	942 	free 		22240 	-1 		1048576 		1048576
	943 	alloc 		3360 	-1 		1048576 		1048576
	944 	alloc 		110496 	-1 		1048576 		1048576
	945 	alloc 		90400 	-1 		1048576 		1048576
	946 	free 		34464 	-1 		1048576 		1048576
	947 	free 		90400 	-1 		1048576 		1048576
	948 	free 		57248 	-1 		1048576 		1048576
	949 	alloc 		50400 	-1 		1048576 		1048576
	950 	alloc 		52704 	-1 		1048576 		1048576
	951 	alloc 		116832 	-1 		1048576 		1048576
	952 	free 		126368 	-1 		1048576 		1048576
	953 	free 		25504 	-1 		1048576 		1048576
	954 	alloc 		16800 	-1 		1048576 		1048576
	955 	alloc 		101728 	-1 		1048576 		1048576
	956 	alloc 		37664 	-1 		1048576 		1048576
	957 	free 		16800 	-1 		1048576 		1048576
	958 	free 		50400 	-1 		1048576 		1048576
	959 	free 		3360 	-1 		1048576 		1048576
	960 	alloc 		30368 	-1 		1048576 		1048576
	961 	free 		110496 	-1 		1048576 		1048576
	962 	alloc 		32672 	-1 		1048576 		1048576
	963 	free 		68704 	-1 		1048576 		1048576
	964 	free 		30048 	-1 		1048576 		1048576
	965 	free 		60768 	-1 		1048576 		1048576
	966 	alloc 		41184 	-1 		1048576 		1048576
	967 	alloc 		75168 	-1 		1048576 		1048576
	968 	free 		37664 	-1 		1048576 		1048576
	969 	free 		110624 	-1 		1048576 		1048576
	970 	alloc 		95456 	-1 		1048576 		1048576
	971 	free 		101728 	-1 		1048576 		1048576
	972 	alloc 		76320 	-1 		1048576 		1048576
	973 	free 		76320 	-1 		1048576 		1048576
	974 	alloc 		30944 	-1 		1048576 		1048576
	975 	alloc 		1376 	-1 		1048576 		1048576
	976 	free 		52704 	-1 		1048576 		1048576
	977 	free 		116832 	-1 		1048576 		1048576
	978 	alloc 		78880 	-1 		1048576 		1048576
	979 	free 		30368 	-1 		1048576 		1048576
	980 	alloc 		13536 	-1 		1048576 		1048576
	981 	alloc 		90656 	-1 		1048576 		1048576
	982 	free 		13536 	-1 		1048576 		1048576
	983 	alloc 		4640 	-1 		1048576 		1048576
	984 	alloc 		87840 	-1 		1048576 		1048576
	985 	free 		32672 	-1 		1048576 		1048576
	986 	alloc 		26592 	-1 		1048576 		1048576
	987 	alloc 		42016 	-1 		1048576 		1048576
	988 	free 		1376 	-1 		1048576 		1048576
	989 	alloc 		119072 	-1 		1048576 		1048576
	990 	free 		41184 	-1 		1048576 		1048576
	991 	free 		75168 	-1 		1048576 		1048576
	992 	free 		95456 	-1 		1048576 		1048576
	993 	free 		30944 	-1 		1048576 		1048576
	994 	free 		78880 	-1 		1048576 		1048576
	995 	free 		90656 	-1 		1048576 		1048576
	996 	free 		4640 	-1 		1048576 		1048576
	997 	free 		87840 	-1 		1048576 		1048576
	998 	free 		26592 	-1 		1048576 		1048576
	999 	free 		42016 	-1 		1048576 		1048576
	1000 	free 		119072 	-1 		1048576 		1048576
1000 Allocations Failed