POLICY: Best Fit	MEMORY SIZE: 512


NUMBER 	SEQUENCE 	SIZE 	ADR 	MEMORY LEFT 	LARGEST CHUNK
	1 	alloc 		99744 	-1 		524288 		524288
	2 	alloc 		111776 	-1 		524288 		524288
	3 	alloc 		64864 	-1 		524288 		524288
	4 	alloc 		91552 	-1 		524288 		524288
	5 	free 		111776 	-1 		524288 		524288
	6 	free 		91552 	-1 		524288 		524288
	7 	alloc 		5600 	-1 		524288 		524288
	8 	alloc 		110304 	-1 		524288 		524288
	9 	alloc 		78688 	-1 		524288 		524288
	10 	alloc 		8032 	-1 		524288 		524288
	11 	alloc 		27872 	-1 		524288 		524288
	12 	alloc 		72992 	-1 		524288 		524288
	13 	alloc 		4960 	-1 		524288 		524288
	14 	alloc 		58400 	-1 		524288 		524288
	15 	alloc 		84640 	-1 		524288 		524288
	16 	free 		78688 	-1 		524288 		524288
	17 	alloc 		25760 	-1 		524288 		524288
	18 	free 		5600 	-1 		524288 		524288
	19 	free 		64864 	-1 		524288 		524288
	20 	alloc 		6496 	-1 		524288 		524288
	21 	alloc 		118240 	-1 		524288 		524288
	22 	free 		27872 	-1 		524288 		524288
	23 	alloc 		44448 	-1 		524288 		524288
	24 	free 		8032 	-1 		524288 		524288
	25 	alloc 		113440 	-1 		524288 		524288
	26 	free 		99744 	-1 		524288 		524288
	27 	free 		118240 	-1 		524288 		524288
	28 	free 		6496 	-1 		524288 		524288
	29 	free 		84640 	-1 		524288 		524288
	30 	alloc 		115040 	-1 		524288 		524288
	31 	free 		25760 	-1 		524288 		524288
	32 	alloc 		55072 	-1 		524288 		524288
	33 	free 		4960 	-1 		524288 		524288
	34 	free 		44448 	-1 		524288 		524288
	35 	free 		55072 	-1 		524288 		524288
	36 	alloc 		57312 	-1 		524288 		524288
	37 	alloc 		101408 	-1 		524288 		524288
	38 	free 		110304 	-1 		524288 		524288
	39 	free 		72992 	-1 		524288 		524288
	40 	free 		58400 	-1 		524288 		524288
	41 	alloc 		71328 	-1 		524288 		524288
	42 	alloc 		26144 	-1 		524288 		524288
	43 	alloc 		55968 	-1 		524288 		524288
	44 	alloc 		17824 	-1 		524288 		524288
	45 	free 		26144 	-1 		524288 		524288
	46 	free 		57312 	-1 		524288 		524288
	47 	alloc 		49120 	-1 		524288 		524288
	48 	free 		71328 	-1 		524288 		524288
	49 	alloc 		87200 	-1 		524288 		524288
	50 	alloc 		16928 	-1 		524288 		524288
	51 	alloc 		10848 	-1 		524288 		524288
	52 	free 		16928 	-1 		524288 		524288
	53 	free 		87200 	-1 		524288 		524288
	54 	alloc 		110112 	-1 		524288 		524288
	55 	free 		113440 	-1 		524288 		524288
	56 	alloc 		36640 	-1 		524288 		524288
	57 	free 		110112 	-1 		524288 		524288
	58 	alloc 		90592 	-1 		524288 		524288
	59 	alloc 		32 	-1 		524288 		524288
	60 	free 		115040 	-1 		524288 		524288
	61 	alloc 		57312 	-1 		524288 		524288
	62 	alloc 		113952 	-1 		524288 		524288
	63 	free 		101408 	-1 		524288 		524288
	64 	alloc 		88160 	-1 		524288 		524288
	65 	free 		55968 	-1 		524288 		524288
	66 	free 		10848 	-1 		524288 		524288
	67 	alloc 		35424 	-1 		524288 		524288
	68 	alloc 		7584 	-1 		524288 		524288
	69 	free 		49120 	-1 		524288 		524288
	70 	free 		7584 	-1 		524288 		524288
	71 	alloc 		60960 	-1 		524288 		524288
	72 	alloc 		36704 	-1 		524288 		524288
	73 	free 		90592 	-1 		524288 		524288
	74 	free 		17824 	-1 		524288 		524288
	75 	alloc 		44512 	-1 		524288 		524288
	76 	alloc 		34656 	-1 		524288 		524288
	77 	free 		32 	-1 		524288 		524288
	78 	alloc 		85024 	-1 		524288 		524288
	79 	free 		36640 	-1 		524288 		524288
	80 	alloc 		42080 	-1 		524288 		524288
	81 	alloc 		39520 	-1 		524288 		524288
	82 	alloc 		79840 	-1 		524288 		524288
	83 	free 		42080 	-1 		524288 		524288
	84 	free 		57312 	-1 		524288 		524288
	85 	alloc 		79840 	-1 		524288 		524288
	86 	alloc 		110816 	-1 		524288 		524288
	87 	alloc 		61664 	-1 		524288 		524288
	88 	alloc 		51808 	-1 		524288 		524288
	89 	alloc 		53152 	-1 		524288 		524288
	90 	free 		35424 	-1 		524288 		524288
	91 	free 		113952 	-1 		524288 		524288
	92 	free 		85024 	-1 		524288 		524288
	93 	free 		88160 	-1 		524288 		524288
	94 	free 		44512 	-1 		524288 		524288
	95 	free 		36704 	-1 		524288 		524288
	96 	free 		34656 	-1 		524288 		524288
	97 	free 		39520 	-1 		524288 		524288
	98 	alloc 		40736 	-1 		524288 		524288
	99 	alloc 		108192 	-1 		524288 		524288
	100 	free 		60960 	-1 		524288 		524288
	101 	free 		79840 	-1 		524288 		524288
	102 	alloc 		43552 	-1 		524288 		524288
	103 	alloc 		95840 	-1 		524288 		524288
	104 	free 		40736 	-1 		524288 		524288
	105 	free 		53152 	-1 		524288 		524288
	106 	free 		95840 	-1 		524288 		524288
	107 	alloc 		10464 	-1 		524288 		524288
	108 	alloc 		51552 	-1 		524288 		524288
	109 	free 		110816 	-1 		524288 		524288
	110 	free 		51552 	-1 		524288 		524288
	111 	alloc 		31200 	-1 		524288 		524288
	112 	free 		79840 	-1 		524288 		524288
	113 	free 		51808 	-1 		524288 		524288
	114 	alloc 		63648 	-1 		524288 		524288
	115 	free 		61664 	-1 		524288 		524288
	116 	free 		108192 	-1 		524288 		524288
	117 	alloc 		96480 	-1 		524288 		524288
	118 	alloc 		44832 	-1 		524288 		524288
	119 	alloc 		24864 	-1 		524288 		524288
	120 	free 		24864 	-1 		524288 		524288
	121 	alloc 		80224 	-1 		524288 		524288
	122 	alloc 		91680 	-1 		524288 		524288
	123 	free 		10464 	-1 		524288 		524288
	124 	alloc 		94752 	-1 		524288 		524288
	125 	alloc 		113376 	-1 		524288 		524288
	126 	alloc 		82272 	-1 		524288 		524288
	127 	free 		43552 	-1 		524288 		524288
	128 	free 		31200 	-1 		524288 		524288
	129 	alloc 		124832 	-1 		524288 		524288
	130 	alloc 		45664 	-1 		524288 		524288
	131 	free 		63648 	-1 		524288 		524288
	132 	alloc 		94432 	-1 		524288 		524288
	133 	free 		82272 	-1 		524288 		524288
	134 	free 		94752 	-1 		524288 		524288
	135 	free 		91680 	-1 		524288 		524288
	136 	alloc 		44192 	-1 		524288 		524288
	137 	free 		94432 	-1 		524288 		524288
	138 	alloc 		93856 	-1 		524288 		524288
	139 	alloc 		124064 	-1 		524288 		524288
	140 	free 		44192 	-1 		524288 		524288
	141 	free 		44832 	-1 		524288 		524288
	142 	free 		80224 	-1 		524288 		524288
	143 	alloc 		24288 	-1 		524288 		524288
	144 	free 		96480 	-1 		524288 		524288
	145 	free 		124064 	-1 		524288 		524288
	146 	free 		113376 	-1 		524288 		524288
	147 	alloc 		84000 	-1 		524288 		524288
	148 	alloc 		62688 	-1 		524288 		524288
	149 	free 		84000 	-1 		524288 		524288
	150 	free 		124832 	-1 		524288 		524288
	151 	alloc 		123104 	-1 		524288 		524288
	152 	alloc 		84384 	-1 		524288 		524288
	153 	alloc 		67936 	-1 		524288 		524288
	154 	alloc 		67872 	-1 		524288 		524288
	155 	free 		62688 	-1 		524288 		524288
	156 	free 		45664 	-1 		524288 		524288
	157 	alloc 		91104 	-1 		524288 		524288
	158 	alloc 		21280 	-1 		524288 		524288
	159 	alloc 		8480 	-1 		524288 		524288
	160 	free 		93856 	-1 		524288 		524288
	161 	alloc 		27872 	-1 		524288 		524288
	162 	alloc 		30304 	-1 		524288 		524288
	163 	alloc 		44256 	-1 		524288 		524288
	164 	free 		21280 	-1 		524288 		524288
	165 	alloc 		93408 	-1 		524288 		524288
	166 	alloc 		46368 	-1 		524288 		524288
	167 	alloc 		47584 	-1 		524288 		524288
	168 	free 		91104 	-1 		524288 		524288
	169 	free 		44256 	-1 		524288 		524288
	170 	free 		123104 	-1 		524288 		524288
	171 	free 		24288 	-1 		524288 		524288
	172 	alloc 		122528 	-1 		524288 		524288
	173 	alloc 		56800 	-1 		524288 		524288
	174 	free 		67936 	-1 		524288 		524288
	175 	free 		67872 	-1 		524288 		524288
	176 	alloc 		69984 	-1 		524288 		524288
	177 	free 		84384 	-1 		524288 		524288
	178 	alloc 		92448 	-1 		524288 		524288
	179 	alloc 		18400 	-1 		524288 		524288
	180 	free 		27872 	-1 		524288 		524288
	181 	free 		8480 	-1 		524288 		524288
	182 	free 		122528 	-1 		524288 		524288
	183 	free 		30304 	-1 		524288 		524288
	184 	alloc 		74080 	-1 		524288 		524288
	185 	alloc 		114656 	-1 		524288 		524288
	186 	alloc 		93216 	-1 		524288 		524288
	187 	alloc 		103776 	-1 		524288 		524288
	188 	alloc 		3936 	-1 		524288 		524288
	189 	free 		46368 	-1 		524288 		524288
	190 	free 		93408 	-1 		524288 		524288
	191 	free 		69984 	-1 		524288 		524288
	192 	free 		47584 	-1 		524288 		524288
	193 	alloc 		94240 	-1 		524288 		524288
	194 	free 		93216 	-1 		524288 		524288
	195 	free 		18400 	-1 		524288 		524288
	196 	alloc 		112480 	-1 		524288 		524288
	197 	free 		56800 	-1 		524288 		524288
	198 	free 		103776 	-1 		524288 		524288
	199 	alloc 		102560 	-1 		524288 		524288
	200 	alloc 		91424 	-1 		524288 		524288
	201 	alloc 		69472 	-1 		524288 		524288
	202 	alloc 		15328 	-1 		524288 		524288
	203 	alloc 		14240 	-1 		524288 		524288
	204 	alloc 		105760 	-1 		524288 		524288
	205 	free 		92448 	-1 		524288 		524288
	206 	free 		74080 	-1 		524288 		524288
	207 	alloc 		80608 	-1 		524288 		524288
	208 	alloc 		101536 	-1 		524288 		524288
	209 	free 		91424 	-1 		524288 		524288
	210 	alloc 		63648 	-1 		524288 		524288
	211 	free 		112480 	-1 		524288 		524288
	212 	alloc 		46304 	-1 		524288 		524288
	213 	alloc 		112480 	-1 		524288 		524288
	214 	free 		114656 	-1 		524288 		524288
	215 	free 		3936 	-1 		524288 		524288
	216 	alloc 		48992 	-1 		524288 		524288
	217 	alloc 		128224 	-1 		524288 		524288
	218 	alloc 		65568 	-1 		524288 		524288
	219 	alloc 		14816 	-1 		524288 		524288
	220 	free 		15328 	-1 		524288 		524288
	221 	free 		46304 	-1 		524288 		524288
	222 	free 		94240 	-1 		524288 		524288
	223 	free 		63648 	-1 		524288 		524288
	224 	free 		14816 	-1 		524288 		524288
	225 	free 		69472 	-1 		524288 		524288
	226 	alloc 		122592 	-1 		524288 		524288
	227 	alloc 		16480 	-1 		524288 		524288
	228 	free 		101536 	-1 		524288 		524288
	229 	free 		102560 	-1 		524288 		524288
	230 	alloc 		122080 	-1 		524288 		524288
	231 	free 		14240 	-1 		524288 		524288
	232 	free 		112480 	-1 		524288 		524288
	233 	free 		105760 	-1 		524288 		524288
	234 	alloc 		116000 	-1 		524288 		524288
	235 	alloc 		65824 	-1 		524288 		524288
	236 	alloc 		110944 	-1 		524288 		524288
	237 	free 		80608 	-1 		524288 		524288
	238 	alloc 		36192 	-1 		524288 		524288
	239 	alloc 		58336 	-1 		524288 		524288
	240 	free 		48992 	-1 		524288 		524288
	241 	free 		122592 	-1 		524288 		524288
	242 	free 		116000 	-1 		524288 		524288
	243 	alloc 		57184 	-1 		524288 		524288
	244 	free 		16480 	-1 		524288 		524288
	245 	free 		65568 	-1 		524288 		524288
	246 	free 		128224 	-1 		524288 		524288
	247 	alloc 		105632 	-1 		524288 		524288
	248 	alloc 		121056 	-1 		524288 		524288
	249 	free 		121056 	-1 		524288 		524288
	250 	free 		122080 	-1 		524288 		524288
	251 	alloc 		42080 	-1 		524288 		524288
	252 	alloc 		87328 	-1 		524288 		524288
	253 	alloc 		8352 	-1 		524288 		524288
	254 	alloc 		48416 	-1 		524288 		524288
	255 	free 		105632 	-1 		524288 		524288
	256 	free 		42080 	-1 		524288 		524288
	257 	alloc 		17312 	-1 		524288 		524288
	258 	free 		57184 	-1 		524288 		524288
	259 	alloc 		63136 	-1 		524288 		524288
	260 	free 		110944 	-1 		524288 		524288
	261 	free 		65824 	-1 		524288 		524288
	262 	alloc 		47328 	-1 		524288 		524288
	263 	free 		36192 	-1 		524288 		524288
	264 	free 		58336 	-1 		524288 		524288
	265 	alloc 		52256 	-1 		524288 		524288
	266 	alloc 		118048 	-1 		524288 		524288
	267 	alloc 		98656 	-1 		524288 		524288
	268 	alloc 		11552 	-1 		524288 		524288
	269 	alloc 		125344 	-1 		524288 		524288
	270 	free 		17312 	-1 		524288 		524288
	271 	alloc 		116064 	-1 		524288 		524288
	272 	alloc 		69664 	-1 		524288 		524288
	273 	free 		116064 	-1 		524288 		524288
	274 	free 		48416 	-1 		524288 		524288
	275 	alloc 		114976 	-1 		524288 		524288
	276 	alloc 		44064 	-1 		524288 		524288
	277 	free 		8352 	-1 		524288 		524288
	278 	alloc 		39520 	-1 		524288 		524288
	279 	alloc 		106784 	-1 		524288 		524288
	280 	free 		47328 	-1 		524288 		524288
	281 	free 		87328 	-1 		524288 		524288
	282 	free 		63136 	-1 		524288 		524288
	283 	alloc 		24096 	-1 		524288 		524288
	284 	alloc 		71968 	-1 		524288 		524288
	285 	free 		44064 	-1 		524288 		524288
	286 	alloc 		58976 	-1 		524288 		524288
	287 	free 		69664 	-1 		524288 		524288
	288 	free 		98656 	-1 		524288 		524288
	289 	free 		125344 	-1 		524288 		524288
	290 	free 		106784 	-1 		524288 		524288
	291 	free 		52256 	-1 		524288 		524288
	292 	alloc 		111008 	-1 		524288 		524288
	293 	free 		11552 	-1 		524288 		524288
	294 	alloc 		42336 	-1 		524288 		524288
	295 	alloc 		121184 	-1 		524288 		524288
	296 	free 		118048 	-1 		524288 		524288
	297 	alloc 		26848 	-1 		524288 		524288
	298 	alloc 		77216 	-1 		524288 		524288
	299 	alloc 		103776 	-1 		524288 		524288
	300 	alloc 		120480 	-1 		524288 		524288
	301 	free 		71968 	-1 		524288 		524288
	302 	alloc 		118560 	-1 		524288 		524288
	303 	alloc 		42080 	-1 		524288 		524288
	304 	free 		114976 	-1 		524288 		524288
	305 	free 		39520 	-1 		524288 		524288
	306 	free 		42336 	-1 		524288 		524288
	307 	alloc 		72992 	-1 		524288 		524288
	308 	free 		118560 	-1 		524288 		524288
	309 	alloc 		44512 	-1 		524288 		524288
	310 	free 		120480 	-1 		524288 		524288
	311 	alloc 		32224 	-1 		524288 		524288
	312 	alloc 		87648 	-1 		524288 		524288
	313 	free 		24096 	-1 		524288 		524288
	314 	alloc 		32352 	-1 		524288 		524288
	315 	free 		58976 	-1 		524288 		524288
	316 	free 		26848 	-1 		524288 		524288
	317 	free 		111008 	-1 		524288 		524288
	318 	alloc 		63584 	-1 		524288 		524288
	319 	free 		42080 	-1 		524288 		524288
	320 	alloc 		30624 	-1 		524288 		524288
	321 	alloc 		18336 	-1 		524288 		524288
	322 	free 		121184 	-1 		524288 		524288
	323 	free 		44512 	-1 		524288 		524288
	324 	alloc 		224 	-1 		524288 		524288
	325 	free 		103776 	-1 		524288 		524288
	326 	alloc 		113760 	-1 		524288 		524288
	327 	free 		77216 	-1 		524288 		524288
	328 	alloc 		12960 	-1 		524288 		524288
	329 	alloc 		46688 	-1 		524288 		524288
	330 	alloc 		44128 	-1 		524288 		524288
	331 	alloc 		86176 	-1 		524288 		524288
	332 	alloc 		109792 	-1 		524288 		524288
	333 	free 		32352 	-1 		524288 		524288
	334 	alloc 		74784 	-1 		524288 		524288
	335 	free 		72992 	-1 		524288 		524288
	336 	alloc 		1376 	-1 		524288 		524288
	337 	free 		113760 	-1 		524288 		524288
	338 	free 		30624 	-1 		524288 		524288
	339 	free 		32224 	-1 		524288 		524288
	340 	free 		87648 	-1 		524288 		524288
	341 	alloc 		50848 	-1 		524288 		524288
	342 	alloc 		80800 	-1 		524288 		524288
	343 	free 		63584 	-1 		524288 		524288
	344 	free 		12960 	-1 		524288 		524288
	345 	alloc 		117088 	-1 		524288 		524288
	346 	alloc 		112864 	-1 		524288 		524288
	347 	alloc 		3616 	-1 		524288 		524288
	348 	free 		224 	-1 		524288 		524288
	349 	alloc 		56224 	-1 		524288 		524288
	350 	alloc 		128160 	-1 		524288 		524288
	351 	free 		18336 	-1 		524288 		524288
	352 	alloc 		85472 	-1 		524288 		524288
	353 	free 		44128 	-1 		524288 		524288
	354 	alloc 		55456 	-1 		524288 		524288
	355 	free 		46688 	-1 		524288 		524288
	356 	free 		74784 	-1 		524288 		524288
	357 	free 		1376 	-1 		524288 		524288
	358 	free 		109792 	-1 		524288 		524288
	359 	free 		86176 	-1 		524288 		524288
	360 	alloc 		23264 	-1 		524288 		524288
	361 	free 		50848 	-1 		524288 		524288
	362 	free 		80800 	-1 		524288 		524288
	363 	free 		117088 	-1 		524288 		524288
	364 	alloc 		37792 	-1 		524288 		524288
	365 	free 		3616 	-1 		524288 		524288
	366 	free 		23264 	-1 		524288 		524288
	367 	free 		56224 	-1 		524288 		524288
	368 	alloc 		69728 	-1 		524288 		524288
	369 	alloc 		2208 	-1 		524288 		524288
	370 	alloc 		6368 	-1 		524288 		524288
	371 	alloc 		40608 	-1 		524288 		524288
	372 	alloc 		103328 	-1 		524288 		524288
	373 	alloc 		53280 	-1 		524288 		524288
	374 	free 		112864 	-1 		524288 		524288
	375 	alloc 		87200 	-1 		524288 		524288
	376 	free 		69728 	-1 		524288 		524288
	377 	alloc 		70752 	-1 		524288 		524288
	378 	alloc 		68832 	-1 		524288 		524288
	379 	free 		85472 	-1 		524288 		524288
	380 	free 		128160 	-1 		524288 		524288
	381 	alloc 		36000 	-1 		524288 		524288
	382 	free 		55456 	-1 		524288 		524288
	383 	free 		37792 	-1 		524288 		524288
	384 	alloc 		117344 	-1 		524288 		524288
	385 	alloc 		46176 	-1 		524288 		524288
	386 	free 		87200 	-1 		524288 		524288
	387 	alloc 		83872 	-1 		524288 		524288
	388 	free 		40608 	-1 		524288 		524288
	389 	alloc 		118112 	-1 		524288 		524288
	390 	free 		36000 	-1 		524288 		524288
	391 	free 		103328 	-1 		524288 		524288
	392 	alloc 		91808 	-1 		524288 		524288
	393 	free 		53280 	-1 		524288 		524288
	394 	alloc 		40608 	-1 		524288 		524288
	395 	alloc 		27040 	-1 		524288 		524288
	396 	free 		118112 	-1 		524288 		524288
	397 	free 		6368 	-1 		524288 		524288
	398 	free 		2208 	-1 		524288 		524288
	399 	alloc 		37344 	-1 		524288 		524288
	400 	alloc 		45152 	-1 		524288 		524288
	401 	alloc 		21152 	-1 		524288 		524288
	402 	alloc 		107168 	-1 		524288 		524288
	403 	alloc 		72416 	-1 		524288 		524288
	404 	free 		83872 	-1 		524288 		524288
	405 	free 		70752 	-1 		524288 		524288
	406 	alloc 		30944 	-1 		524288 		524288
	407 	free 		68832 	-1 		524288 		524288
	408 	alloc 		66208 	-1 		524288 		524288
	409 	alloc 		108512 	-1 		524288 		524288
	410 	free 		45152 	-1 		524288 		524288
	411 	free 		91808 	-1 		524288 		524288
	412 	alloc 		64160 	-1 		524288 		524288
	413 	free 		46176 	-1 		524288 		524288
	414 	free 		117344 	-1 		524288 		524288
	415 	alloc 		22304 	-1 		524288 		524288
	416 	free 		21152 	-1 		524288 		524288
	417 	alloc 		28896 	-1 		524288 		524288
	418 	free 		27040 	-1 		524288 		524288
	419 	free 		37344 	-1 		524288 		524288
	420 	free 		40608 	-1 		524288 		524288
	421 	free 		72416 	-1 		524288 		524288
	422 	free 		66208 	-1 		524288 		524288
	423 	alloc 		61856 	-1 		524288 		524288
	424 	free 		107168 	-1 		524288 		524288
	425 	free 		30944 	-1 		524288 		524288
	426 	alloc 		54688 	-1 		524288 		524288
	427 	alloc 		7648 	-1 		524288 		524288
	428 	alloc 		85728 	-1 		524288 		524288
	429 	alloc 		111136 	-1 		524288 		524288
	430 	free 		28896 	-1 		524288 		524288
	431 	free 		54688 	-1 		524288 		524288
	432 	free 		22304 	-1 		524288 		524288
	433 	alloc 		10784 	-1 		524288 		524288
	434 	alloc 		95520 	-1 		524288 		524288
	435 	free 		61856 	-1 		524288 		524288
	436 	free 		108512 	-1 		524288 		524288
	437 	free 		111136 	-1 		524288 		524288
	438 	alloc 		67104 	-1 		524288 		524288
	439 	alloc 		129184 	-1 		524288 		524288
	440 	free 		64160 	-1 		524288 		524288
	441 	free 		10784 	-1 		524288 		524288
	442 	alloc 		7904 	-1 		524288 		524288
	443 	free 		85728 	-1 		524288 		524288
	444 	alloc 		18784 	-1 		524288 		524288
	445 	alloc 		40032 	-1 		524288 		524288
	446 	alloc 		119200 	-1 		524288 		524288
	447 	alloc 		28384 	-1 		524288 		524288
	448 	alloc 		103264 	-1 		524288 		524288
	449 	alloc 		74464 	-1 		524288 		524288
	450 	alloc 		3936 	-1 		524288 		524288
	451 	free 		129184 	-1 		524288 		524288
	452 	alloc 		13728 	-1 		524288 		524288
	453 	free 		7904 	-1 		524288 		524288
	454 	free 		67104 	-1 		524288 		524288
	455 	alloc 		89696 	-1 		524288 		524288
	456 	free 		119200 	-1 		524288 		524288
	457 	free 		7648 	-1 		524288 		524288
	458 	free 		74464 	-1 		524288 		524288
	459 	free 		103264 	-1 		524288 		524288
	460 	alloc 		96224 	-1 		524288 		524288
	461 	alloc 		114784 	-1 		524288 		524288
	462 	free 		89696 	-1 		524288 		524288
	463 	free 		40032 	-1 		524288 		524288
	464 	free 		95520 	-1 		524288 		524288
	465 	alloc 		47200 	-1 		524288 		524288
	466 	alloc 		45152 	-1 		524288 		524288
	467 	free 		3936 	-1 		524288 		524288
	468 	alloc 		11680 	-1 		524288 		524288
	469 	alloc 		91040 	-1 		524288 		524288
	470 	free 		11680 	-1 		524288 		524288
	471 	alloc 		126944 	-1 		524288 		524288
	472 	free 		28384 	-1 		524288 		524288
	473 	free 		126944 	-1 		524288 		524288
	474 	free 		18784 	-1 		524288 		524288
	475 	alloc 		105248 	-1 		524288 		524288
	476 	alloc 		111264 	-1 		524288 		524288
	477 	free 		96224 	-1 		524288 		524288
	478 	alloc 		54624 	-1 		524288 		524288
	479 	free 		13728 	-1 		524288 		524288
	480 	free 		91040 	-1 		524288 		524288
	481 	free 		45152 	-1 		524288 		524288
	482 	free 		111264 	-1 		524288 		524288
	483 	free 		114784 	-1 		524288 		524288
	484 	alloc 		115872 	-1 		524288 		524288
	485 	alloc 		97376 	-1 		524288 		524288
	486 	alloc 		71264 	-1 		524288 		524288
	487 	alloc 		30880 	-1 		524288 		524288
	488 	alloc 		34016 	-1 		524288 		524288
	489 	alloc 		121504 	-1 		524288 		524288
	490 	alloc 		34784 	-1 		524288 		524288
	491 	free 		47200 	-1 		524288 		524288
	492 	alloc 		41248 	-1 		524288 		524288
	493 	alloc 		63904 	-1 		524288 		524288
	494 	free 		121504 	-1 		524288 		524288
	495 	alloc 		127520 	-1 		524288 		524288
	496 	free 		41248 	-1 		524288 		524288
	497 	free 		71264 	-1 		524288 		524288
	498 	free 		54624 	-1 		524288 		524288
	499 	free 		115872 	-1 		524288 		524288
	500 	alloc 		33760 	-1 		524288 		524288
	501 	free 		105248 	-1 		524288 		524288
	502 	alloc 		78112 	-1 		524288 		524288
	503 	free 		127520 	-1 		524288 		524288
	504 	alloc 		40928 	-1 		524288 		524288
	505 	alloc 		32800 	-1 		524288 		524288
	506 	alloc 		17568 	-1 		524288 		524288
	507 	free 		63904 	-1 		524288 		524288
	508 	free 		97376 	-1 		524288 		524288
	509 	free 		30880 	-1 		524288 		524288
	510 	free 		34016 	-1 		524288 		524288
	511 	alloc 		32672 	-1 		524288 		524288
	512 	alloc 		93280 	-1 		524288 		524288
	513 	free 		33760 	-1 		524288 		524288
	514 	alloc 		129056 	-1 		524288 		524288
	515 	free 		32800 	-1 		524288 		524288
	516 	free 		17568 	-1 		524288 		524288
	517 	free 		34784 	-1 		524288 		524288
	518 	alloc 		123872 	-1 		524288 		524288
	519 	alloc 		40160 	-1 		524288 		524288
	520 	alloc 		108320 	-1 		524288 		524288
	521 	alloc 		14752 	-1 		524288 		524288
	522 	alloc 		92512 	-1 		524288 		524288
	523 	free 		123872 	-1 		524288 		524288
	524 	free 		129056 	-1 		524288 		524288
	525 	free 		40928 	-1 		524288 		524288
	526 	free 		108320 	-1 		524288 		524288
	527 	alloc 		71904 	-1 		524288 		524288
	528 	alloc 		32608 	-1 		524288 		524288
	529 	free 		78112 	-1 		524288 		524288
	530 	alloc 		19360 	-1 		524288 		524288
	531 	alloc 		76256 	-1 		524288 		524288
	532 	alloc 		83040 	-1 		524288 		524288
	533 	free 		32672 	-1 		524288 		524288
	534 	free 		92512 	-1 		524288 		524288
	535 	alloc 		117408 	-1 		524288 		524288
	536 	alloc 		103520 	-1 		524288 		524288
	537 	alloc 		55584 	-1 		524288 		524288
	538 	alloc 		35168 	-1 		524288 		524288
	539 	free 		14752 	-1 		524288 		524288
	540 	free 		35168 	-1 		524288 		524288
	541 	free 		93280 	-1 		524288 		524288
	542 	alloc 		57888 	-1 		524288 		524288
	543 	free 		40160 	-1 		524288 		524288
	544 	alloc 		105312 	-1 		524288 		524288
	545 	free 		76256 	-1 		524288 		524288
	546 	alloc 		23584 	-1 		524288 		524288
	547 	alloc 		95584 	-1 		524288 		524288
	548 	free 		23584 	-1 		524288 		524288
	549 	alloc 		33632 	-1 		524288 		524288
	550 	free 		71904 	-1 		524288 		524288
	551 	alloc 		117344 	-1 		524288 		524288
	552 	free 		32608 	-1 		524288 		524288
	553 	free 		19360 	-1 		524288 		524288
	554 	alloc 		49888 	-1 		524288 		524288
	555 	free 		49888 	-1 		524288 		524288
	556 	alloc 		126048 	-1 		524288 		524288
	557 	free 		95584 	-1 		524288 		524288
	558 	free 		126048 	-1 		524288 		524288
	559 	free 		117408 	-1 		524288 		524288
	560 	free 		83040 	-1 		524288 		524288
	561 	alloc 		76064 	-1 		524288 		524288
	562 	alloc 		36832 	-1 		524288 		524288
	563 	free 		57888 	-1 		524288 		524288
	564 	free 		105312 	-1 		524288 		524288
	565 	free 		55584 	-1 		524288 		524288
	566 	free 		103520 	-1 		524288 		524288
	567 	alloc 		71008 	-1 		524288 		524288
	568 	alloc 		8672 	-1 		524288 		524288
	569 	free 		117344 	-1 		524288 		524288
	570 	alloc 		49760 	-1 		524288 		524288
	571 	alloc 		94816 	-1 		524288 		524288
	572 	free 		94816 	-1 		524288 		524288
	573 	alloc 		127328 	-1 		524288 		524288
	574 	free 		36832 	-1 		524288 		524288
	575 	free 		76064 	-1 		524288 		524288
	576 	alloc 		72992 	-1 		524288 		524288
	577 	free 		33632 	-1 		524288 		524288
	578 	free 		127328 	-1 		524288 		524288
	579 	alloc 		93408 	-1 		524288 		524288
	580 	alloc 		81568 	-1 		524288 		524288
	581 	alloc 		100960 	-1 		524288 		524288
	582 	alloc 		52576 	-1 		524288 		524288
	583 	alloc 		69664 	-1 		524288 		524288
	584 	alloc 		75040 	-1 		524288 		524288
	585 	free 		75040 	-1 		524288 		524288
	586 	alloc 		82656 	-1 		524288 		524288
	587 	alloc 		72864 	-1 		524288 		524288
	588 	free 		71008 	-1 		524288 		524288
	589 	alloc 		62432 	-1 		524288 		524288
	590 	alloc 		53280 	-1 		524288 		524288
	591 	alloc 		48992 	-1 		524288 		524288
	592 	alloc 		58208 	-1 		524288 		524288
	593 	free 		93408 	-1 		524288 		524288
	594 	free 		49760 	-1 		524288 		524288
	595 	free 		62432 	-1 		524288 		524288
	596 	free 		8672 	-1 		524288 		524288
	597 	free 		48992 	-1 		524288 		524288
	598 	free 		72864 	-1 		524288 		524288
	599 	alloc 		55456 	-1 		524288 		524288
	600 	alloc 		35232 	-1 		524288 		524288
	601 	free 		72992 	-1 		524288 		524288
	602 	free 		35232 	-1 		524288 		524288
	603 	alloc 		1824 	-1 		524288 		524288
	604 	alloc 		65568 	-1 		524288 		524288
	605 	alloc 		57440 	-1 		524288 		524288
	606 	free 		1824 	-1 		524288 		524288
	607 	free 		81568 	-1 		524288 		524288
	608 	free 		52576 	-1 		524288 		524288
	609 	alloc 		24288 	-1 		524288 		524288
	610 	alloc 		91040 	-1 		524288 		524288
	611 	free 		100960 	-1 		524288 		524288
	612 	alloc 		102944 	-1 		524288 		524288
	613 	free 		69664 	-1 		524288 		524288
	614 	alloc 		78304 	-1 		524288 		524288
	615 	free 		82656 	-1 		524288 		524288
	616 	free 		55456 	-1 		524288 		524288
	617 	alloc 		98528 	-1 		524288 		524288
	618 	alloc 		54304 	-1 		524288 		524288
	619 	free 		53280 	-1 		524288 		524288
	620 	free 		58208 	-1 		524288 		524288
	621 	alloc 		126240 	-1 		524288 		524288
	622 	free 		24288 	-1 		524288 		524288
	623 	alloc 		97568 	-1 		524288 		524288
	624 	free 		57440 	-1 		524288 		524288
	625 	free 		54304 	-1 		524288 		524288
	626 	alloc 		78560 	-1 		524288 		524288
	627 	alloc 		57952 	-1 		524288 		524288
	628 	free 		65568 	-1 		524288 		524288
	629 	alloc 		81184 	-1 		524288 		524288
	630 	free 		91040 	-1 		524288 		524288
	631 	alloc 		76000 	-1 		524288 		524288
	632 	alloc 		108896 	-1 		524288 		524288
	633 	alloc 		15136 	-1 		524288 		524288
	634 	alloc 		65696 	-1 		524288 		524288
	635 	alloc 		100448 	-1 		524288 		524288
	636 	free 		78560 	-1 		524288 		524288
	637 	free 		97568 	-1 		524288 		524288
	638 	free 		15136 	-1 		524288 		524288
	639 	free 		98528 	-1 		524288 		524288
	640 	free 		102944 	-1 		524288 		524288
	641 	alloc 		67424 	-1 		524288 		524288
	642 	free 		65696 	-1 		524288 		524288
	643 	free 		78304 	-1 		524288 		524288
	644 	alloc 		15648 	-1 		524288 		524288
	645 	alloc 		19744 	-1 		524288 		524288
	646 	alloc 		117536 	-1 		524288 		524288
	647 	free 		126240 	-1 		524288 		524288
	648 	free 		67424 	-1 		524288 		524288
	649 	free 		81184 	-1 		524288 		524288
	650 	alloc 		76512 	-1 		524288 		524288
	651 	alloc 		80928 	-1 		524288 		524288
	652 	alloc 		41568 	-1 		524288 		524288
	653 	free 		100448 	-1 		524288 		524288
	654 	alloc 		48608 	-1 		524288 		524288
	655 	free 		76000 	-1 		524288 		524288
	656 	free 		57952 	-1 		524288 		524288
	657 	free 		108896 	-1 		524288 		524288
	658 	alloc 		55712 	-1 		524288 		524288
	659 	free 		19744 	-1 		524288 		524288
	660 	free 		55712 	-1 		524288 		524288
	661 	alloc 		27296 	-1 		524288 		524288
	662 	free 		117536 	-1 		524288 		524288
	663 	alloc 		127584 	-1 		524288 		524288
	664 	alloc 		12704 	-1 		524288 		524288
	665 	free 		15648 	-1 		524288 		524288
	666 	free 		41568 	-1 		524288 		524288
	667 	alloc 		105632 	-1 		524288 		524288
	668 	free 		80928 	-1 		524288 		524288
	669 	free 		105632 	-1 		524288 		524288
	670 	alloc 		53664 	-1 		524288 		524288
	671 	alloc 		30752 	-1 		524288 		524288
	672 	free 		53664 	-1 		524288 		524288
	673 	alloc 		51552 	-1 		524288 		524288
	674 	alloc 		59232 	-1 		524288 		524288
	675 	free 		48608 	-1 		524288 		524288
	676 	alloc 		126816 	-1 		524288 		524288
	677 	free 		12704 	-1 		524288 		524288
	678 	alloc 		54688 	-1 		524288 		524288
	679 	alloc 		9760 	-1 		524288 		524288
	680 	free 		76512 	-1 		524288 		524288
	681 	alloc 		111456 	-1 		524288 		524288
	682 	alloc 		28896 	-1 		524288 		524288
	683 	alloc 		45088 	-1 		524288 		524288
	684 	free 		30752 	-1 		524288 		524288
	685 	alloc 		11040 	-1 		524288 		524288
	686 	free 		127584 	-1 		524288 		524288
	687 	alloc 		52000 	-1 		524288 		524288
	688 	alloc 		16736 	-1 		524288 		524288
	689 	alloc 		62816 	-1 		524288 		524288
	690 	free 		16736 	-1 		524288 		524288
	691 	free 		27296 	-1 		524288 		524288
	692 	free 		59232 	-1 		524288 		524288
	693 	free 		51552 	-1 		524288 		524288
	694 	alloc 		3040 	-1 		524288 		524288
	695 	alloc 		56672 	-1 		524288 		524288
	696 	alloc 		31584 	-1 		524288 		524288
	697 	free 		28896 	-1 		524288 		524288
	698 	free 		45088 	-1 		524288 		524288
	699 	free 		9760 	-1 		524288 		524288
	700 	free 		111456 	-1 		524288 		524288
	701 	alloc 		81888 	-1 		524288 		524288
	702 	free 		11040 	-1 		524288 		524288
	703 	alloc 		44320 	-1 		524288 		524288
	704 	alloc 		75040 	-1 		524288 		524288
	705 	free 		126816 	-1 		524288 		524288
	706 	free 		54688 	-1 		524288 		524288
	707 	alloc 		113376 	-1 		524288 		524288
	708 	free 		44320 	-1 		524288 		524288
	709 	alloc 		21472 	-1 		524288 		524288
	710 	alloc 		19744 	-1 		524288 		524288
	711 	free 		52000 	-1 		524288 		524288
	712 	free 		3040 	-1 		524288 		524288
	713 	alloc 		123936 	-1 		524288 		524288
	714 	alloc 		117664 	-1 		524288 		524288
	715 	free 		81888 	-1 		524288 		524288
	716 	free 		62816 	-1 		524288 		524288
	717 	alloc 		71712 	-1 		524288 		524288
	718 	free 		113376 	-1 		524288 		524288
	719 	alloc 		31584 	-1 		524288 		524288
	720 	free 		56672 	-1 		524288 		524288
	721 	alloc 		114592 	-1 		524288 		524288
	722 	free 		71712 	-1 		524288 		524288
	723 	alloc 		608 	-1 		524288 		524288
	724 	alloc 		19360 	-1 		524288 		524288
	725 	alloc 		58592 	-1 		524288 		524288
	726 	free 		31584 	-1 		524288 		524288
	727 	free 		21472 	-1 		524288 		524288
	728 	free 		58592 	-1 		524288 		524288
	729 	alloc 		51360 	-1 		524288 		524288
	730 	free 		123936 	-1 		524288 		524288
	731 	free 		75040 	-1 		524288 		524288
	732 	free 		19744 	-1 		524288 		524288
	733 	alloc 		22112 	-1 		524288 		524288
	734 	alloc 		108960 	-1 		524288 		524288
	735 	alloc 		18016 	-1 		524288 		524288
	736 	alloc 		24864 	-1 		524288 		524288
	737 	alloc 		92064 	-1 		524288 		524288
	738 	free 		108960 	-1 		524288 		524288
	739 	alloc 		88800 	-1 		524288 		524288
	740 	free 		114592 	-1 		524288 		524288
	741 	alloc 		27296 	-1 		524288 		524288
	742 	free 		31584 	-1 		524288 		524288
	743 	free 		117664 	-1 		524288 		524288
	744 	free 		608 	-1 		524288 		524288
	745 	free 		88800 	-1 		524288 		524288
	746 	alloc 		99040 	-1 		524288 		524288
	747 	free 		19360 	-1 		524288 		524288
	748 	free 		22112 	-1 		524288 		524288
	749 	alloc 		117920 	-1 		524288 		524288
	750 	free 		99040 	-1 		524288 		524288
	751 	free 		92064 	-1 		524288 		524288
	752 	free 		18016 	-1 		524288 		524288
	753 	alloc 		76064 	-1 		524288 		524288
	754 	free 		51360 	-1 		524288 		524288
	755 	alloc 		38816 	-1 		524288 		524288
	756 	alloc 		32544 	-1 		524288 		524288
	757 	free 		76064 	-1 		524288 		524288
	758 	alloc 		22880 	-1 		524288 		524288
	759 	free 		24864 	-1 		524288 		524288
	760 	alloc 		56096 	-1 		524288 		524288
	761 	alloc 		31328 	-1 		524288 		524288
	762 	alloc 		3360 	-1 		524288 		524288
	763 	free 		22880 	-1 		524288 		524288
	764 	alloc 		105696 	-1 		524288 		524288
	765 	alloc 		97952 	-1 		524288 		524288
	766 	free 		117920 	-1 		524288 		524288
	767 	free 		27296 	-1 		524288 		524288
	768 	alloc 		19808 	-1 		524288 		524288
	769 	alloc 		18272 	-1 		524288 		524288
	770 	alloc 		115680 	-1 		524288 		524288
	771 	alloc 		53984 	-1 		524288 		524288
	772 	free 		115680 	-1 		524288 		524288
	773 	free 		38816 	-1 		524288 		524288
	774 	alloc 		112032 	-1 		524288 		524288
	775 	alloc 		5792 	-1 		524288 		524288
	776 	free 		31328 	-1 		524288 		524288
	777 	free 		32544 	-1 		524288 		524288
	778 	free 		5792 	-1 		524288 		524288
	779 	alloc 		28384 	-1 		524288 		524288
	780 	alloc 		121824 	-1 		524288 		524288
	781 	free 		18272 	-1 		524288 		524288
	782 	free 		19808 	-1 		524288 		524288
	783 	alloc 		15456 	-1 		524288 		524288
	784 	free 		97952 	-1 		524288 		524288
	785 	free 		15456 	-1 		524288 		524288
	786 	free 		105696 	-1 		524288 		524288
	787 	alloc 		17824 	-1 		524288 		524288
	788 	free 		112032 	-1 		524288 		524288
	789 	alloc 		16736 	-1 		524288 		524288
	790 	free 		56096 	-1 		524288 		524288
	791 	free 		3360 	-1 		524288 		524288
	792 	alloc 		81376 	-1 		524288 		524288
	793 	alloc 		39328 	-1 		524288 		524288
	794 	alloc 		34592 	-1 		524288 		524288
	795 	free 		53984 	-1 		524288 		524288
	796 	alloc 		124896 	-1 		524288 		524288
	797 	free 		39328 	-1 		524288 		524288
	798 	alloc 		69856 	-1 		524288 		524288
	799 	alloc 		92640 	-1 		524288 		524288
	800 	free 		28384 	-1 		524288 		524288
	801 	free 		16736 	-1 		524288 		524288
	802 	alloc 		126624 	-1 		524288 		524288
	803 	alloc 		16864 	-1 		524288 		524288
	804 	free 		92640 	-1 		524288 		524288
	805 	free 		81376 	-1 		524288 		524288
	806 	free 		121824 	-1 		524288 		524288
	807 	alloc 		39520 	-1 		524288 		524288
	808 	alloc 		4128 	-1 		524288 		524288
	809 	free 		16864 	-1 		524288 		524288
	810 	free 		17824 	-1 		524288 		524288
	811 	alloc 		125984 	-1 		524288 		524288
	812 	alloc 		107040 	-1 		524288 		524288
	813 	alloc 		123808 	-1 		524288 		524288
	814 	alloc 		77088 	-1 		524288 		524288
	815 	free 		123808 	-1 		524288 		524288
	816 	free 		126624 	-1 		524288 		524288
	817 	free 		69856 	-1 		524288 		524288
	818 	free 		39520 	-1 		524288 		524288
	819 	alloc 		82912 	-1 		524288 		524288
	820 	alloc 		51552 	-1 		524288 		524288
	821 	alloc 		67360 	-1 		524288 		524288
	822 	free 		34592 	-1 		524288 		524288
	823 	alloc 		76000 	-1 		524288 		524288
	824 	alloc 		23840 	-1 		524288 		524288
	825 	free 		124896 	-1 		524288 		524288
	826 	free 		76000 	-1 		524288 		524288
	827 	alloc 		38112 	-1 		524288 		524288
	828 	alloc 		110112 	-1 		524288 		524288
	829 	free 		67360 	-1 		524288 		524288
	830 	free 		110112 	-1 		524288 		524288
	831 	free 		4128 	-1 		524288 		524288
	832 	alloc 		2656 	-1 		524288 		524288
	833 	free 		2656 	-1 		524288 		524288
	834 	alloc 		120352 	-1 		524288 		524288
	835 	alloc 		80864 	-1 		524288 		524288
	836 	alloc 		48544 	-1 		524288 		524288
	837 	free 		125984 	-1 		524288 		524288
	838 	alloc 		18784 	-1 		524288 		524288
	839 	alloc 		50592 	-1 		524288 		524288
	840 	free 		107040 	-1 		524288 		524288
	841 	alloc 		54880 	-1 		524288 		524288
	842 	free 		77088 	-1 		524288 		524288
	843 	free 		51552 	-1 		524288 		524288
	844 	free 		120352 	-1 		524288 		524288
	845 	free 		82912 	-1 		524288 		524288
	846 	alloc 		103264 	-1 		524288 		524288
	847 	alloc 		114464 	-1 		524288 		524288
	848 	free 		103264 	-1 		524288 		524288
	849 	alloc 		14112 	-1 		524288 		524288
	850 	free 		48544 	-1 		524288 		524288
	851 	alloc 		21344 	-1 		524288 		524288
	852 	free 		114464 	-1 		524288 		524288
	853 	free 		80864 	-1 		524288 		524288
	854 	free 		23840 	-1 		524288 		524288
	855 	alloc 		56928 	-1 		524288 		524288
	856 	alloc 		126624 	-1 		524288 		524288
	857 	free 		38112 	-1 		524288 		524288
	858 	alloc 		63584 	-1 		524288 		524288
	859 	free 		50592 	-1 		524288 		524288
	860 	free 		54880 	-1 		524288 		524288
	861 	alloc 		18912 	-1 		524288 		524288
	862 	free 		18784 	-1 		524288 		524288
	863 	alloc 		111328 	-1 		524288 		524288
	864 	alloc 		113120 	-1 		524288 		524288
	865 	alloc 		59104 	-1 		524288 		524288
	866 	alloc 		2592 	-1 		524288 		524288
	867 	alloc 		800 	-1 		524288 		524288
	868 	free 		18912 	-1 		524288 		524288
	869 	alloc 		92832 	-1 		524288 		524288
	870 	alloc 		125088 	-1 		524288 		524288
	871 	alloc 		124128 	-1 		524288 		524288
	872 	free 		800 	-1 		524288 		524288
	873 	alloc 		80736 	-1 		524288 		524288
	874 	alloc 		24736 	-1 		524288 		524288
	875 	free 		126624 	-1 		524288 		524288
	876 	free 		14112 	-1 		524288 		524288
	877 	free 		2592 	-1 		524288 		524288
	878 	alloc 		58400 	-1 		524288 		524288
	879 	alloc 		7584 	-1 		524288 		524288
	880 	free 		111328 	-1 		524288 		524288
	881 	free 		21344 	-1 		524288 		524288
	882 	free 		125088 	-1 		524288 		524288
	883 	free 		59104 	-1 		524288 		524288
	884 	free 		63584 	-1 		524288 		524288
	885 	free 		56928 	-1 		524288 		524288
	886 	alloc 		117920 	-1 		524288 		524288
	887 	alloc 		14752 	-1 		524288 		524288
	888 	free 		124128 	-1 		524288 		524288
	889 	free 		7584 	-1 		524288 		524288
	890 	free 		58400 	-1 		524288 		524288
	891 	free 		113120 	-1 		524288 		524288
	892 	free 		24736 	-1 		524288 		524288
	893 	alloc 		107744 	-1 		524288 		524288
	894 	alloc 		57568 	-1 		524288 		524288
	895 	alloc 		160 	-1 		524288 		524288
	896 	alloc 		58720 	-1 		524288 		524288
	897 	free 		92832 	-1 		524288 		524288
	898 	alloc 		121440 	-1 		524288 		524288
	899 	free 		80736 	-1 		524288 		524288
	900 	alloc 		38496 	-1 		524288 		524288
	901 	free 		160 	-1 		524288 		524288
	902 	alloc 		29344 	-1 		524288 		524288
	903 	free 		117920 	-1 		524288 		524288
	904 	free 		14752 	-1 		524288 		524288
	905 	alloc 		25120 	-1 		524288 		524288
	906 	alloc 		29984 	-1 		524288 		524288
	907 	free 		25120 	-1 		524288 		524288
	908 	free 		107744 	-1 		524288 		524288
	909 	free 		29984 	-1 		524288 		524288
	910 	alloc 		59104 	-1 		524288 		524288
	911 	free 		58720 	-1 		524288 		524288
	912 	alloc 		77344 	-1 		524288 		524288
	913 	free 		38496 	-1 		524288 		524288
	914 	alloc 		25312 	-1 		524288 		524288
	915 	alloc 		14112 	-1 		524288 		524288
	916 	free 		57568 	-1 		524288 		524288
	917 	alloc 		42336 	-1 		524288 		524288
	918 	alloc 		18976 	-1 		524288 		524288
	919 	alloc 		68192 	-1 		524288 		524288
	920 	free 		29344 	-1 		524288 		524288
	921 	free 		68192 	-1 		524288 		524288
	922 	free 		59104 	-1 		524288 		524288
	923 	alloc 		25504 	-1 		524288 		524288
	924 	free 		121440 	-1 		524288 		524288
	925 	free 		77344 	-1 		524288 		524288
	926 	alloc 		4576 	-1 		524288 		524288
	927 	free 		18976 	-1 		524288 		524288
	928 	free 		14112 	-1 		524288 		524288
	929 	alloc 		126048 	-1 		524288 		524288
	930 	free 		126048 	-1 		524288 		524288
	931 	alloc 		34464 	-1 		524288 		524288
	932 	free 		4576 	-1 		524288 		524288
	933 	alloc 		22240 	-1 		524288 		524288
	934 	alloc 		30048 	-1 		524288 		524288
	935 	free 		25312 	-1 		524288 		524288
	936 	alloc 		68704 	-1 		524288 		524288
	937 	alloc 		60768 	-1 		524288 		524288
	938 	free 		42336 	-1 		524288 		524288
	939 	alloc 		126368 	-1 		524288 		524288
	940 	alloc 		110624 	-1 		524288 		524288
	941 	alloc 		57248 	-1 		524288 		524288
	942 	free 		22240 	-1 		524288 		524288
	943 	alloc 		3360 	-1 		524288 		524288
	944 	alloc 		110496 	-1 		524288 		524288
	945 	alloc 		90400 	-1 		524288 		524288
	946 	free 		34464 	-1 		524288 		524288
	947 	free 		90400 	-1 		524288 		524288
	948 	free 		57248 	-1 		524288 		524288
	949 	alloc 		50400 	-1 		524288 		524288
	950 	alloc 		52704 	-1 		524288 		524288
	951 	alloc 		116832 	-1 		524288 		524288
	952 	free 		126368 	-1 		524288 		524288
	953 	free 		25504 	-1 		524288 		524288
	954 	alloc 		16800 	-1 		524288 		524288
	955 	alloc 		101728 	-1 		524288 		524288
	956 	alloc 		37664 	-1 		524288 		524288
	957 	free 		16800 	-1 		524288 		524288
	958 	free 		50400 	-1 		524288 		524288
	959 	free 		3360 	-1 		524288 		524288
	960 	alloc 		30368 	-1 		524288 		524288
	961 	free 		110496 	-1 		524288 		524288
	962 	alloc 		32672 	-1 		524288 		524288
	963 	free 		68704 	-1 		524288 		524288
	964 	free 		30048 	-1 		524288 		524288
	965 	free 		60768 	-1 		524288 		524288
	966 	alloc 		41184 	-1 		524288 		524288
	967 	alloc 		75168 	-1 		524288 		524288
	968 	free 		37664 	-1 		524288 		524288
	969 	free 		110624 	-1 		524288 		524288
	970 	alloc 		95456 	-1 		524288 		524288
	971 	free 		101728 	-1 		524288 		524288
	972 	alloc 		76320 	-1 		524288 		524288
	973 	free 		76320 	-1 		524288 		524288
	974 	alloc 		30944 	-1 		524288 		524288
	975 	alloc 		1376 	-1 		524288 		524288
	976 	free 		52704 	-1 		524288 		524288
	977 	free 		116832 	-1 		524288 		524288
	978 	alloc 		78880 	-1 		524288 		524288
	979 	free 		30368 	-1 		524288 		524288
	980 	alloc 		13536 	-1 		524288 		524288
	981 	alloc 		90656 	-1 		524288 		524288
	982 	free 		13536 	-1 		524288 		524288
	983 	alloc 		4640 	-1 		524288 		524288
	984 	alloc 		87840 	-1 		524288 		524288
	985 	free 		32672 	-1 		524288 		524288
	986 	alloc 		26592 	-1 		524288 		524288
	987 	alloc 		42016 	-1 		524288 		524288
	988 	free 		1376 	-1 		524288 		524288
	989 	alloc 		119072 	-1 		524288 		524288
	990 	free 		41184 	-1 		524288 		524288
	991 	free 		75168 	-1 		524288 		524288
	992 	free 		95456 	-1 		524288 		524288
	993 	free 		30944 	-1 		524288 		524288
	994 	free 		78880 	-1 		524288 		524288
	995 	free 		90656 	-1 		524288 		524288
	996 	free 		4640 	-1 		524288 		524288
	997 	free 		87840 	-1 		524288 		524288
	998 	free 		26592 	-1 		524288 		524288
	999 	free 		42016 	-1 		524288 		524288
	1000 	free 		119072 	-1 		524288 		524288
1000 Allocations Failed