POLICY: First Fit	MEMORY SIZE: 512


NUMBER 	SEQUENCE 	SIZE 	ADR 	MEMORY LEFT 	LARGEST CHUNK
	1 	alloc 		99744 	0 		424544 		424544
	2 	alloc 		111776 	99744 		312768 		312768
	3 	alloc 		64864 	211520 		247904 		247904
	4 	alloc 		91552 	276384 		156352 		156352
	5 	free 		111776 	0 		268128 		156352
	6 	free 		91552 	0 		359680 		247904
	7 	alloc 		5600 	99744 		354080 		247904
	8 	alloc 		110304 	276384 		243776 		137600
	9 	alloc 		78688 	105344 		165088 		137600
	10 	alloc 		8032 	184032 		157056 		137600
	11 	alloc 		27872 	386688 		129184 		109728
	12 	alloc 		72992 	414560 		56192 		36736
	13 	alloc 		4960 	192064 		51232 		36736
	14 	alloc 		58400 	-1 		51232 		36736
	15 	alloc 		84640 	-1 		51232 		36736
	16 	free 		78688 	0 		129920 		78688
	17 	alloc 		25760 	105344 		104160 		52928
	18 	free 		5600 	0 		109760 		52928
	19 	free 		64864 	0 		174624 		79360
	20 	alloc 		6496 	131104 		168128 		79360
	21 	alloc 		118240 	-1 		168128 		79360
	22 	free 		27872 	0 		196000 		79360
	23 	alloc 		44448 	137600 		151552 		79360
	24 	free 		8032 	0 		159584 		79360
	25 	alloc 		113440 	-1 		159584 		79360
	26 	free 		99744 	0 		259328 		105344
	27 	free 		118240 	-1 		259328 		105344
	28 	free 		6496 	0 		265824 		105344
	29 	free 		84640 	-1 		265824 		105344
	30 	alloc 		115040 	-1 		265824 		105344
	31 	free 		25760 	0 		291584 		137600
	32 	alloc 		55072 	0 		236512 		82528
	33 	free 		4960 	0 		241472 		94336
	34 	free 		44448 	0 		285920 		221312
	35 	free 		55072 	0 		340992 		276384
	36 	alloc 		57312 	0 		283680 		219072
	37 	alloc 		101408 	57312 		182272 		117664
	38 	free 		110304 	0 		292576 		255840
	39 	free 		72992 	0 		365568 		365568
	40 	free 		58400 	-1 		365568 		365568
	41 	alloc 		71328 	158720 		294240 		294240
	42 	alloc 		26144 	230048 		268096 		268096
	43 	alloc 		55968 	256192 		212128 		212128
	44 	alloc 		17824 	312160 		194304 		194304
	45 	free 		26144 	0 		220448 		194304
	46 	free 		57312 	0 		277760 		194304
	47 	alloc 		49120 	0 		228640 		194304
	48 	free 		71328 	0 		299968 		194304
	49 	alloc 		87200 	158720 		212768 		194304
	50 	alloc 		16928 	329984 		195840 		177376
	51 	alloc 		10848 	346912 		184992 		166528
	52 	free 		16928 	0 		201920 		166528
	53 	free 		87200 	0 		289120 		166528
	54 	alloc 		110112 	357760 		179008 		97472
	55 	free 		113440 	-1 		179008 		97472
	56 	alloc 		36640 	158720 		142368 		60832
	57 	free 		110112 	0 		252480 		166528
	58 	alloc 		90592 	357760 		161888 		75936
	59 	alloc 		32 	49120 		161856 		75936
	60 	free 		115040 	-1 		161856 		75936
	61 	alloc 		57312 	195360 		104544 		75936
	62 	alloc 		113952 	-1 		104544 		75936
	63 	free 		101408 	0 		205952 		109568
	64 	alloc 		88160 	49152 		117792 		75936
	65 	free 		55968 	0 		173760 		75936
	66 	free 		10848 	0 		184608 		75936
	67 	alloc 		35424 	252672 		149184 		75936
	68 	alloc 		7584 	137312 		141600 		75936
	69 	free 		49120 	0 		190720 		75936
	70 	free 		7584 	0 		198304 		75936
	71 	alloc 		60960 	448352 		137344 		49120
	72 	alloc 		36704 	0 		100640 		27776
	73 	free 		90592 	0 		191232 		118368
	74 	free 		17824 	0 		209056 		160256
	75 	alloc 		44512 	288096 		164544 		115744
	76 	alloc 		34656 	332608 		129888 		81088
	77 	free 		32 	0 		129920 		81088
	78 	alloc 		85024 	-1 		129920 		81088
	79 	free 		36640 	0 		166560 		81088
	80 	alloc 		42080 	137312 		124480 		81088
	81 	alloc 		39520 	367264 		84960 		41568
	82 	alloc 		79840 	-1 		84960 		41568
	83 	free 		42080 	0 		127040 		58048
	84 	free 		57312 	0 		184352 		115360
	85 	alloc 		79840 	137312 		104512 		41568
	86 	alloc 		110816 	-1 		104512 		41568
	87 	alloc 		61664 	-1 		104512 		41568
	88 	alloc 		51808 	-1 		104512 		41568
	89 	alloc 		53152 	-1 		104512 		41568
	90 	free 		35424 	0 		139936 		70944
	91 	free 		113952 	-1 		139936 		70944
	92 	free 		85024 	-1 		139936 		70944
	93 	free 		88160 	0 		228096 		100608
	94 	free 		44512 	0 		272608 		115456
	95 	free 		36704 	0 		309312 		137312
	96 	free 		34656 	0 		343968 		150112
	97 	free 		39520 	0 		383488 		231200
	98 	alloc 		40736 	0 		342752 		231200
	99 	alloc 		108192 	217152 		234560 		123008
	100 	free 		60960 	0 		295520 		198944
	101 	free 		79840 	0 		375360 		198944
	102 	alloc 		43552 	40736 		331808 		198944
	103 	alloc 		95840 	84288 		235968 		198944
	104 	free 		40736 	0 		276704 		198944
	105 	free 		53152 	-1 		276704 		198944
	106 	free 		95840 	0 		372544 		198944
	107 	alloc 		10464 	0 		362080 		198944
	108 	alloc 		51552 	84288 		310528 		198944
	109 	free 		110816 	-1 		310528 		198944
	110 	free 		51552 	0 		362080 		198944
	111 	alloc 		31200 	84288 		330880 		198944
	112 	free 		79840 	-1 		330880 		198944
	113 	free 		51808 	-1 		330880 		198944
	114 	alloc 		63648 	115488 		267232 		198944
	115 	free 		61664 	-1 		267232 		198944
	116 	free 		108192 	0 		375424 		345152
	117 	alloc 		96480 	179136 		278944 		248672
	118 	alloc 		44832 	275616 		234112 		203840
	119 	alloc 		24864 	10464 		209248 		203840
	120 	free 		24864 	0 		234112 		203840
	121 	alloc 		80224 	320448 		153888 		123616
	122 	alloc 		91680 	400672 		62208 		31936
	123 	free 		10464 	0 		72672 		40736
	124 	alloc 		94752 	-1 		72672 		40736
	125 	alloc 		113376 	-1 		72672 		40736
	126 	alloc 		82272 	-1 		72672 		40736
	127 	free 		43552 	0 		116224 		84288
	128 	free 		31200 	0 		147424 		115488
	129 	alloc 		124832 	-1 		147424 		115488
	130 	alloc 		45664 	0 		101760 		69824
	131 	free 		63648 	0 		165408 		133472
	132 	alloc 		94432 	45664 		70976 		39040
	133 	free 		82272 	-1 		70976 		39040
	134 	free 		94752 	-1 		70976 		39040
	135 	free 		91680 	0 		162656 		123616
	136 	alloc 		44192 	400672 		118464 		79424
	137 	free 		94432 	0 		212896 		133472
	138 	alloc 		93856 	45664 		119040 		79424
	139 	alloc 		124064 	-1 		119040 		79424
	140 	free 		44192 	0 		163232 		123616
	141 	free 		44832 	0 		208064 		123616
	142 	free 		80224 	0 		288288 		248672
	143 	alloc 		24288 	139520 		264000 		248672
	144 	free 		96480 	0 		360480 		360480
	145 	free 		124064 	-1 		360480 		360480
	146 	free 		113376 	-1 		360480 		360480
	147 	alloc 		84000 	163808 		276480 		276480
	148 	alloc 		62688 	247808 		213792 		213792
	149 	free 		84000 	0 		297792 		213792
	150 	free 		124832 	-1 		297792 		213792
	151 	alloc 		123104 	310496 		174688 		90688
	152 	alloc 		84384 	433600 		90304 		84000
	153 	alloc 		67936 	163808 		22368 		16064
	154 	alloc 		67872 	-1 		22368 		16064
	155 	free 		62688 	0 		85056 		78752
	156 	free 		45664 	0 		130720 		78752
	157 	alloc 		91104 	-1 		130720 		78752
	158 	alloc 		21280 	0 		109440 		78752
	159 	alloc 		8480 	21280 		100960 		78752
	160 	free 		93856 	0 		194816 		109760
	161 	alloc 		27872 	29760 		166944 		81888
	162 	alloc 		30304 	57632 		136640 		78752
	163 	alloc 		44256 	87936 		92384 		78752
	164 	free 		21280 	0 		113664 		78752
	165 	alloc 		93408 	-1 		113664 		78752
	166 	alloc 		46368 	231744 		67296 		32384
	167 	alloc 		47584 	-1 		67296 		32384
	168 	free 		91104 	-1 		67296 		32384
	169 	free 		44256 	0 		111552 		51584
	170 	free 		123104 	0 		234656 		155488
	171 	free 		24288 	0 		258944 		155488
	172 	alloc 		122528 	278112 		136416 		75872
	173 	alloc 		56800 	87936 		79616 		32960
	174 	free 		67936 	0 		147552 		87008
	175 	free 		67872 	-1 		147552 		87008
	176 	alloc 		69984 	144736 		77568 		32960
	177 	free 		84384 	0 		161952 		123648
	178 	alloc 		92448 	400640 		69504 		31200
	179 	alloc 		18400 	0 		51104 		31200
	180 	free 		27872 	0 		78976 		31200
	181 	free 		8480 	0 		87456 		39232
	182 	free 		122528 	0 		209984 		122528
	183 	free 		30304 	0 		240288 		122528
	184 	alloc 		74080 	278112 		166208 		69536
	185 	alloc 		114656 	-1 		166208 		69536
	186 	alloc 		93216 	-1 		166208 		69536
	187 	alloc 		103776 	-1 		166208 		69536
	188 	alloc 		3936 	18400 		162272 		65600
	189 	free 		46368 	0 		208640 		65600
	190 	free 		93408 	-1 		208640 		65600
	191 	free 		69984 	0 		278624 		133376
	192 	free 		47584 	-1 		278624 		133376
	193 	alloc 		94240 	144736 		184384 		65600
	194 	free 		93216 	-1 		184384 		65600
	195 	free 		18400 	0 		202784 		65600
	196 	alloc 		112480 	-1 		202784 		65600
	197 	free 		56800 	0 		259584 		122400
	198 	free 		103776 	-1 		259584 		122400
	199 	alloc 		102560 	22336 		157024 		48448
	200 	alloc 		91424 	-1 		157024 		48448
	201 	alloc 		69472 	-1 		157024 		48448
	202 	alloc 		15328 	0 		141696 		48448
	203 	alloc 		14240 	124896 		127456 		48448
	204 	alloc 		105760 	-1 		127456 		48448
	205 	free 		92448 	0 		219904 		172096
	206 	free 		74080 	0 		293984 		285312
	207 	alloc 		80608 	238976 		213376 		204704
	208 	alloc 		101536 	319584 		111840 		103168
	209 	free 		91424 	-1 		111840 		103168
	210 	alloc 		63648 	421120 		48192 		39520
	211 	free 		112480 	-1 		48192 		39520
	212 	alloc 		46304 	-1 		48192 		39520
	213 	alloc 		112480 	-1 		48192 		39520
	214 	free 		114656 	-1 		48192 		39520
	215 	free 		3936 	0 		52128 		39520
	216 	alloc 		48992 	-1 		52128 		39520
	217 	alloc 		128224 	-1 		52128 		39520
	218 	alloc 		65568 	-1 		52128 		39520
	219 	alloc 		14816 	484768 		37312 		24704
	220 	free 		15328 	0 		52640 		24704
	221 	free 		46304 	-1 		52640 		24704
	222 	free 		94240 	0 		146880 		99840
	223 	free 		63648 	0 		210528 		99840
	224 	free 		14816 	0 		225344 		103168
	225 	free 		69472 	-1 		225344 		103168
	226 	alloc 		122592 	-1 		225344 		103168
	227 	alloc 		16480 	0 		208864 		103168
	228 	free 		101536 	0 		310400 		204704
	229 	free 		102560 	0 		412960 		204704
	230 	alloc 		122080 	319584 		290880 		108416
	231 	free 		14240 	0 		305120 		222496
	232 	free 		112480 	-1 		305120 		222496
	233 	free 		105760 	-1 		305120 		222496
	234 	alloc 		116000 	16480 		189120 		106496
	235 	alloc 		65824 	132480 		123296 		82624
	236 	alloc 		110944 	-1 		123296 		82624
	237 	free 		80608 	0 		203904 		121280
	238 	alloc 		36192 	198304 		167712 		85088
	239 	alloc 		58336 	234496 		109376 		82624
	240 	free 		48992 	-1 		109376 		82624
	241 	free 		122592 	-1 		109376 		82624
	242 	free 		116000 	0 		225376 		116000
	243 	alloc 		57184 	16480 		168192 		82624
	244 	free 		16480 	0 		184672 		82624
	245 	free 		65568 	-1 		184672 		82624
	246 	free 		128224 	-1 		184672 		82624
	247 	alloc 		105632 	-1 		184672 		82624
	248 	alloc 		121056 	-1 		184672 		82624
	249 	free 		121056 	-1 		184672 		82624
	250 	free 		122080 	0 		306752 		231456
	251 	alloc 		42080 	73664 		264672 		231456
	252 	alloc 		87328 	292832 		177344 		144128
	253 	alloc 		8352 	0 		168992 		144128
	254 	alloc 		48416 	380160 		120576 		95712
	255 	free 		105632 	-1 		120576 		95712
	256 	free 		42080 	0 		162656 		95712
	257 	alloc 		17312 	73664 		145344 		95712
	258 	free 		57184 	0 		202528 		95712
	259 	alloc 		63136 	8352 		139392 		95712
	260 	free 		110944 	-1 		139392 		95712
	261 	free 		65824 	0 		205216 		107328
	262 	alloc 		47328 	90976 		157888 		95712
	263 	free 		36192 	0 		194080 		96192
	264 	free 		58336 	0 		252416 		154528
	265 	alloc 		52256 	138304 		200160 		102272
	266 	alloc 		118048 	-1 		200160 		102272
	267 	alloc 		98656 	190560 		101504 		95712
	268 	alloc 		11552 	428576 		89952 		84160
	269 	alloc 		125344 	-1 		89952 		84160
	270 	free 		17312 	0 		107264 		84160
	271 	alloc 		116064 	-1 		107264 		84160
	272 	alloc 		69664 	440128 		37600 		19488
	273 	free 		116064 	-1 		37600 		19488
	274 	free 		48416 	0 		86016 		48416
	275 	alloc 		114976 	-1 		86016 		48416
	276 	alloc 		44064 	380160 		41952 		19488
	277 	free 		8352 	0 		50304 		19488
	278 	alloc 		39520 	-1 		50304 		19488
	279 	alloc 		106784 	-1 		50304 		19488
	280 	free 		47328 	0 		97632 		66816
	281 	free 		87328 	0 		184960 		90944
	282 	free 		63136 	0 		248096 		138304
	283 	alloc 		24096 	0 		224000 		114208
	284 	alloc 		71968 	24096 		152032 		90944
	285 	free 		44064 	0 		196096 		139360
	286 	alloc 		58976 	289216 		137120 		80384
	287 	free 		69664 	0 		206784 		84160
	288 	free 		98656 	0 		305440 		98656
	289 	free 		125344 	-1 		305440 		98656
	290 	free 		106784 	-1 		305440 		98656
	291 	free 		52256 	0 		357696 		193152
	292 	alloc 		111008 	96064 		246688 		84160
	293 	free 		11552 	0 		258240 		176096
	294 	alloc 		42336 	207072 		215904 		176096
	295 	alloc 		121184 	348192 		94720 		54912
	296 	free 		118048 	-1 		94720 		54912
	297 	alloc 		26848 	249408 		67872 		54912
	298 	alloc 		77216 	-1 		67872 		54912
	299 	alloc 		103776 	-1 		67872 		54912
	300 	alloc 		120480 	-1 		67872 		54912
	301 	free 		71968 	0 		139840 		71968
	302 	alloc 		118560 	-1 		139840 		71968
	303 	alloc 		42080 	24096 		97760 		54912
	304 	free 		114976 	-1 		97760 		54912
	305 	free 		39520 	-1 		97760 		54912
	306 	free 		42336 	0 		140096 		54912
	307 	alloc 		72992 	-1 		140096 		54912
	308 	free 		118560 	-1 		140096 		54912
	309 	alloc 		44512 	469376 		95584 		42336
	310 	free 		120480 	-1 		95584 		42336
	311 	alloc 		32224 	207072 		63360 		29888
	312 	alloc 		87648 	-1 		63360 		29888
	313 	free 		24096 	0 		87456 		29888
	314 	alloc 		32352 	-1 		87456 		29888
	315 	free 		58976 	0 		146432 		71936
	316 	free 		26848 	0 		173280 		108896
	317 	free 		111008 	0 		284288 		140896
	318 	alloc 		63584 	66176 		220704 		108896
	319 	free 		42080 	0 		262784 		108896
	320 	alloc 		30624 	0 		232160 		108896
	321 	alloc 		18336 	30624 		213824 		108896
	322 	free 		121184 	0 		335008 		230080
	323 	free 		44512 	0 		379520 		284992
	324 	alloc 		224 	48960 		379296 		284992
	325 	free 		103776 	-1 		379296 		284992
	326 	alloc 		113760 	239296 		265536 		171232
	327 	free 		77216 	-1 		265536 		171232
	328 	alloc 		12960 	49184 		252576 		171232
	329 	alloc 		46688 	129760 		205888 		171232
	330 	alloc 		44128 	353056 		161760 		127104
	331 	alloc 		86176 	397184 		75584 		40928
	332 	alloc 		109792 	-1 		75584 		40928
	333 	free 		32352 	-1 		75584 		40928
	334 	alloc 		74784 	-1 		75584 		40928
	335 	free 		72992 	-1 		75584 		40928
	336 	alloc 		1376 	62144 		74208 		40928
	337 	free 		113760 	0 		187968 		113760
	338 	free 		30624 	0 		218592 		113760
	339 	free 		32224 	0 		250816 		176608
	340 	free 		87648 	-1 		250816 		176608
	341 	alloc 		50848 	176448 		199968 		125760
	342 	alloc 		80800 	227296 		119168 		44960
	343 	free 		63584 	0 		182752 		66240
	344 	free 		12960 	0 		195712 		66240
	345 	alloc 		117088 	-1 		195712 		66240
	346 	alloc 		112864 	-1 		195712 		66240
	347 	alloc 		3616 	0 		192096 		66240
	348 	free 		224 	0 		192320 		66240
	349 	alloc 		56224 	63520 		136096 		44960
	350 	alloc 		128160 	-1 		136096 		44960
	351 	free 		18336 	0 		154432 		58528
	352 	alloc 		85472 	-1 		154432 		58528
	353 	free 		44128 	0 		198560 		89088
	354 	alloc 		55456 	3616 		143104 		89088
	355 	free 		46688 	0 		189792 		89088
	356 	free 		74784 	-1 		189792 		89088
	357 	free 		1376 	0 		191168 		89088
	358 	free 		109792 	-1 		191168 		89088
	359 	free 		86176 	0 		277344 		216192
	360 	alloc 		23264 	119744 		254080 		216192
	361 	free 		50848 	0 		304928 		216192
	362 	free 		80800 	0 		385728 		381280
	363 	free 		117088 	-1 		385728 		381280
	364 	alloc 		37792 	143008 		347936 		343488
	365 	free 		3616 	0 		351552 		343488
	366 	free 		23264 	0 		374816 		343488
	367 	free 		56224 	0 		431040 		343488
	368 	alloc 		69728 	59072 		361312 		343488
	369 	alloc 		2208 	0 		359104 		343488
	370 	alloc 		6368 	128800 		352736 		343488
	371 	alloc 		40608 	180800 		312128 		302880
	372 	alloc 		103328 	221408 		208800 		199552
	373 	alloc 		53280 	324736 		155520 		146272
	374 	free 		112864 	-1 		155520 		146272
	375 	alloc 		87200 	378016 		68320 		59072
	376 	free 		69728 	0 		138048 		69728
	377 	alloc 		70752 	-1 		138048 		69728
	378 	alloc 		68832 	59072 		69216 		59072
	379 	free 		85472 	-1 		69216 		59072
	380 	free 		128160 	-1 		69216 		59072
	381 	alloc 		36000 	465216 		33216 		23072
	382 	free 		55456 	0 		88672 		56864
	383 	free 		37792 	0 		126464 		56864
	384 	alloc 		117344 	-1 		126464 		56864
	385 	alloc 		46176 	2208 		80288 		45632
	386 	free 		87200 	0 		167488 		87200
	387 	alloc 		83872 	378016 		83616 		45632
	388 	free 		40608 	0 		124224 		86240
	389 	alloc 		118112 	-1 		124224 		86240
	390 	free 		36000 	0 		160224 		86240
	391 	free 		103328 	0 		263552 		189568
	392 	alloc 		91808 	135168 		171744 		97760
	393 	free 		53280 	0 		225024 		151040
	394 	alloc 		40608 	226976 		184416 		110432
	395 	alloc 		27040 	267584 		157376 		83392
	396 	free 		118112 	-1 		157376 		83392
	397 	free 		6368 	0 		163744 		83392
	398 	free 		2208 	0 		165952 		83392
	399 	alloc 		37344 	294624 		128608 		62400
	400 	alloc 		45152 	331968 		83456 		62400
	401 	alloc 		21152 	461888 		62304 		41248
	402 	alloc 		107168 	-1 		62304 		41248
	403 	alloc 		72416 	-1 		62304 		41248
	404 	free 		83872 	0 		146176 		84768
	405 	free 		70752 	-1 		146176 		84768
	406 	alloc 		30944 	377120 		115232 		53824
	407 	free 		68832 	0 		184064 		86784
	408 	alloc 		66208 	48384 		117856 		53824
	409 	alloc 		108512 	-1 		117856 		53824
	410 	free 		45152 	0 		163008 		53824
	411 	free 		91808 	0 		254816 		112384
	412 	alloc 		64160 	114592 		190656 		53824
	413 	free 		46176 	0 		236832 		53824
	414 	free 		117344 	-1 		236832 		53824
	415 	alloc 		22304 	0 		214528 		53824
	416 	free 		21152 	0 		235680 		116224
	417 	alloc 		28896 	178752 		206784 		116224
	418 	free 		27040 	0 		233824 		116224
	419 	free 		37344 	0 		271168 		116224
	420 	free 		40608 	0 		311776 		169472
	421 	free 		72416 	-1 		311776 		169472
	422 	free 		66208 	0 		377984 		169472
	423 	alloc 		61856 	22304 		316128 		169472
	424 	free 		107168 	-1 		316128 		169472
	425 	free 		30944 	0 		347072 		316640
	426 	alloc 		54688 	207648 		292384 		261952
	427 	alloc 		7648 	84160 		284736 		261952
	428 	alloc 		85728 	262336 		199008 		176224
	429 	alloc 		111136 	348064 		87872 		65088
	430 	free 		28896 	0 		116768 		65088
	431 	free 		54688 	0 		171456 		83584
	432 	free 		22304 	0 		193760 		83584
	433 	alloc 		10784 	0 		182976 		83584
	434 	alloc 		95520 	-1 		182976 		83584
	435 	free 		61856 	0 		244832 		83584
	436 	free 		108512 	-1 		244832 		83584
	437 	free 		111136 	0 		355968 		176224
	438 	alloc 		67104 	10784 		288864 		176224
	439 	alloc 		129184 	348064 		159680 		83584
	440 	free 		64160 	0 		223840 		170528
	441 	free 		10784 	0 		234624 		170528
	442 	alloc 		7904 	0 		226720 		170528
	443 	free 		85728 	0 		312448 		256256
	444 	alloc 		18784 	91808 		293664 		237472
	445 	alloc 		40032 	110592 		253632 		197440
	446 	alloc 		119200 	150624 		134432 		78240
	447 	alloc 		28384 	269824 		106048 		49856
	448 	alloc 		103264 	-1 		106048 		49856
	449 	alloc 		74464 	-1 		106048 		49856
	450 	alloc 		3936 	77888 		102112 		49856
	451 	free 		129184 	0 		231296 		226080
	452 	alloc 		13728 	298208 		217568 		212352
	453 	free 		7904 	0 		225472 		212352
	454 	free 		67104 	0 		292576 		212352
	455 	alloc 		89696 	311936 		202880 		122656
	456 	free 		119200 	0 		322080 		122656
	457 	free 		7648 	0 		329728 		122656
	458 	free 		74464 	-1 		329728 		122656
	459 	free 		103264 	-1 		329728 		122656
	460 	alloc 		96224 	150624 		233504 		122656
	461 	alloc 		114784 	401632 		118720 		77888
	462 	free 		89696 	0 		208416 		89696
	463 	free 		40032 	0 		248448 		89696
	464 	free 		95520 	-1 		248448 		89696
	465 	alloc 		47200 	0 		201248 		89696
	466 	alloc 		45152 	311936 		156096 		44544
	467 	free 		3936 	0 		160032 		44608
	468 	alloc 		11680 	47200 		148352 		44544
	469 	alloc 		91040 	-1 		148352 		44544
	470 	free 		11680 	0 		160032 		44608
	471 	alloc 		126944 	-1 		160032 		44608
	472 	free 		28384 	0 		188416 		51360
	473 	free 		126944 	-1 		188416 		51360
	474 	free 		18784 	0 		207200 		103424
	475 	alloc 		105248 	-1 		207200 		103424
	476 	alloc 		111264 	-1 		207200 		103424
	477 	free 		96224 	0 		303424 		251008
	478 	alloc 		54624 	47200 		248800 		196384
	479 	free 		13728 	0 		262528 		210112
	480 	free 		91040 	-1 		262528 		210112
	481 	free 		45152 	0 		307680 		299808
	482 	free 		111264 	-1 		307680 		299808
	483 	free 		114784 	0 		422464 		422464
	484 	alloc 		115872 	101824 		306592 		306592
	485 	alloc 		97376 	217696 		209216 		209216
	486 	alloc 		71264 	315072 		137952 		137952
	487 	alloc 		30880 	386336 		107072 		107072
	488 	alloc 		34016 	417216 		73056 		73056
	489 	alloc 		121504 	-1 		73056 		73056
	490 	alloc 		34784 	451232 		38272 		38272
	491 	free 		47200 	0 		85472 		47200
	492 	alloc 		41248 	0 		44224 		38272
	493 	alloc 		63904 	-1 		44224 		38272
	494 	free 		121504 	-1 		44224 		38272
	495 	alloc 		127520 	-1 		44224 		38272
	496 	free 		41248 	0 		85472 		47200
	497 	free 		71264 	0 		156736 		71264
	498 	free 		54624 	0 		211360 		101824
	499 	free 		115872 	0 		327232 		217696
	500 	alloc 		33760 	0 		293472 		183936
	501 	free 		105248 	-1 		293472 		183936
	502 	alloc 		78112 	33760 		215360 		105824
	503 	free 		127520 	-1 		215360 		105824
	504 	alloc 		40928 	111872 		174432 		71264
	505 	alloc 		32800 	152800 		141632 		71264
	506 	alloc 		17568 	185600 		124064 		71264
	507 	free 		63904 	-1 		124064 		71264
	508 	free 		97376 	0 		221440 		183168
	509 	free 		30880 	0 		252320 		214048
	510 	free 		34016 	0 		286336 		248064
	511 	alloc 		32672 	203168 		253664 		215392
	512 	alloc 		93280 	235840 		160384 		122112
	513 	free 		33760 	0 		194144 		122112
	514 	alloc 		129056 	-1 		194144 		122112
	515 	free 		32800 	0 		226944 		122112
	516 	free 		17568 	0 		244512 		122112
	517 	free 		34784 	0 		279296 		195168
	518 	alloc 		123872 	329120 		155424 		71296
	519 	alloc 		40160 	152800 		115264 		71296
	520 	alloc 		108320 	-1 		115264 		71296
	521 	alloc 		14752 	0 		100512 		71296
	522 	alloc 		92512 	-1 		100512 		71296
	523 	free 		123872 	0 		224384 		195168
	524 	free 		129056 	-1 		224384 		195168
	525 	free 		40928 	0 		265312 		195168
	526 	free 		108320 	-1 		265312 		195168
	527 	alloc 		71904 	329120 		193408 		123264
	528 	alloc 		32608 	111872 		160800 		123264
	529 	free 		78112 	0 		238912 		123264
	530 	alloc 		19360 	14752 		219552 		123264
	531 	alloc 		76256 	34112 		143296 		123264
	532 	alloc 		83040 	401024 		60256 		40224
	533 	free 		32672 	0 		92928 		42880
	534 	free 		92512 	-1 		92928 		42880
	535 	alloc 		117408 	-1 		92928 		42880
	536 	alloc 		103520 	-1 		92928 		42880
	537 	alloc 		55584 	-1 		92928 		42880
	538 	alloc 		35168 	192960 		57760 		40224
	539 	free 		14752 	0 		72512 		40224
	540 	free 		35168 	0 		107680 		42880
	541 	free 		93280 	0 		200960 		136160
	542 	alloc 		57888 	192960 		143072 		78272
	543 	free 		40160 	0 		183232 		78272
	544 	alloc 		105312 	-1 		183232 		78272
	545 	free 		76256 	0 		259488 		78272
	546 	alloc 		23584 	34112 		235904 		78272
	547 	alloc 		95584 	-1 		235904 		78272
	548 	free 		23584 	0 		259488 		78272
	549 	alloc 		33632 	34112 		225856 		78272
	550 	free 		71904 	0 		297760 		150176
	551 	alloc 		117344 	250848 		180416 		48480
	552 	free 		32608 	0 		213024 		125216
	553 	free 		19360 	0 		232384 		125216
	554 	alloc 		49888 	67744 		182496 		75328
	555 	free 		49888 	0 		232384 		125216
	556 	alloc 		126048 	-1 		232384 		125216
	557 	free 		95584 	-1 		232384 		125216
	558 	free 		126048 	-1 		232384 		125216
	559 	free 		117408 	-1 		232384 		125216
	560 	free 		83040 	0 		315424 		156096
	561 	alloc 		76064 	67744 		239360 		156096
	562 	alloc 		36832 	143808 		202528 		156096
	563 	free 		57888 	0 		260416 		156096
	564 	free 		105312 	-1 		260416 		156096
	565 	free 		55584 	-1 		260416 		156096
	566 	free 		103520 	-1 		260416 		156096
	567 	alloc 		71008 	368192 		189408 		85088
	568 	alloc 		8672 	0 		180736 		85088
	569 	free 		117344 	0 		298080 		187552
	570 	alloc 		49760 	180640 		248320 		137792
	571 	alloc 		94816 	230400 		153504 		85088
	572 	free 		94816 	0 		248320 		137792
	573 	alloc 		127328 	230400 		120992 		85088
	574 	free 		36832 	0 		157824 		85088
	575 	free 		76064 	0 		233888 		112896
	576 	alloc 		72992 	67744 		160896 		85088
	577 	free 		33632 	0 		194528 		85088
	578 	free 		127328 	0 		321856 		137792
	579 	alloc 		93408 	230400 		228448 		85088
	580 	alloc 		81568 	439200 		146880 		59072
	581 	alloc 		100960 	-1 		146880 		59072
	582 	alloc 		52576 	8672 		94304 		44384
	583 	alloc 		69664 	-1 		94304 		44384
	584 	alloc 		75040 	-1 		94304 		44384
	585 	free 		75040 	-1 		94304 		44384
	586 	alloc 		82656 	-1 		94304 		44384
	587 	alloc 		72864 	-1 		94304 		44384
	588 	free 		71008 	0 		165312 		115392
	589 	alloc 		62432 	323808 		102880 		52960
	590 	alloc 		53280 	-1 		102880 		52960
	591 	alloc 		48992 	386240 		53888 		39904
	592 	alloc 		58208 	-1 		53888 		39904
	593 	free 		93408 	0 		147296 		93408
	594 	free 		49760 	0 		197056 		183072
	595 	free 		62432 	0 		259488 		245504
	596 	free 		8672 	0 		268160 		245504
	597 	free 		48992 	0 		317152 		298464
	598 	free 		72864 	-1 		317152 		298464
	599 	alloc 		55456 	140736 		261696 		243008
	600 	alloc 		35232 	196192 		226464 		207776
	601 	free 		72992 	0 		299456 		207776
	602 	free 		35232 	0 		334688 		243008
	603 	alloc 		1824 	0 		332864 		243008
	604 	alloc 		65568 	61248 		267296 		243008
	605 	alloc 		57440 	196192 		209856 		185568
	606 	free 		1824 	0 		211680 		185568
	607 	free 		81568 	0 		293248 		270656
	608 	free 		52576 	0 		345824 		270656
	609 	alloc 		24288 	0 		321536 		270656
	610 	alloc 		91040 	253632 		230496 		179616
	611 	free 		100960 	-1 		230496 		179616
	612 	alloc 		102944 	344672 		127552 		76672
	613 	free 		69664 	-1 		127552 		76672
	614 	alloc 		78304 	-1 		127552 		76672
	615 	free 		82656 	-1 		127552 		76672
	616 	free 		55456 	0 		183008 		76672
	617 	alloc 		98528 	-1 		183008 		76672
	618 	alloc 		54304 	126816 		128704 		76672
	619 	free 		53280 	-1 		128704 		76672
	620 	free 		58208 	-1 		128704 		76672
	621 	alloc 		126240 	-1 		128704 		76672
	622 	free 		24288 	0 		152992 		76672
	623 	alloc 		97568 	-1 		152992 		76672
	624 	free 		57440 	0 		210432 		76672
	625 	free 		54304 	0 		264736 		126816
	626 	alloc 		78560 	126816 		186176 		76672
	627 	alloc 		57952 	0 		128224 		76672
	628 	free 		65568 	0 		193792 		76672
	629 	alloc 		81184 	-1 		193792 		76672
	630 	free 		91040 	0 		284832 		139296
	631 	alloc 		76000 	205376 		208832 		76672
	632 	alloc 		108896 	-1 		208832 		76672
	633 	alloc 		15136 	57952 		193696 		76672
	634 	alloc 		65696 	447616 		128000 		63296
	635 	alloc 		100448 	-1 		128000 		63296
	636 	free 		78560 	0 		206560 		132288
	637 	free 		97568 	-1 		206560 		132288
	638 	free 		15136 	0 		221696 		147424
	639 	free 		98528 	-1 		221696 		147424
	640 	free 		102944 	0 		324640 		166240
	641 	alloc 		67424 	57952 		257216 		166240
	642 	free 		65696 	0 		322912 		242912
	643 	free 		78304 	-1 		322912 		242912
	644 	alloc 		15648 	125376 		307264 		242912
	645 	alloc 		19744 	141024 		287520 		242912
	646 	alloc 		117536 	281376 		169984 		125376
	647 	free 		126240 	-1 		169984 		125376
	648 	free 		67424 	0 		237408 		125376
	649 	free 		81184 	-1 		237408 		125376
	650 	alloc 		76512 	398912 		160896 		67424
	651 	alloc 		80928 	-1 		160896 		67424
	652 	alloc 		41568 	57952 		119328 		48864
	653 	free 		100448 	-1 		119328 		48864
	654 	alloc 		48608 	475424 		70720 		44608
	655 	free 		76000 	0 		146720 		120608
	656 	free 		57952 	0 		204672 		120608
	657 	free 		108896 	-1 		204672 		120608
	658 	alloc 		55712 	0 		148960 		120608
	659 	free 		19744 	0 		168704 		140352
	660 	free 		55712 	0 		224416 		140352
	661 	alloc 		27296 	0 		197120 		140352
	662 	free 		117536 	0 		314656 		257888
	663 	alloc 		127584 	141024 		187072 		130304
	664 	alloc 		12704 	27296 		174368 		130304
	665 	free 		15648 	0 		190016 		130304
	666 	free 		41568 	0 		231584 		130304
	667 	alloc 		105632 	268608 		125952 		101024
	668 	free 		80928 	-1 		125952 		101024
	669 	free 		105632 	0 		231584 		130304
	670 	alloc 		53664 	40000 		177920 		130304
	671 	alloc 		30752 	93664 		147168 		130304
	672 	free 		53664 	0 		200832 		130304
	673 	alloc 		51552 	40000 		149280 		130304
	674 	alloc 		59232 	268608 		90048 		71072
	675 	free 		48608 	0 		138656 		71072
	676 	alloc 		126816 	-1 		138656 		71072
	677 	free 		12704 	0 		151360 		71072
	678 	alloc 		54688 	327840 		96672 		48864
	679 	alloc 		9760 	27296 		86912 		48864
	680 	free 		76512 	0 		163424 		141760
	681 	alloc 		111456 	382528 		51968 		30304
	682 	alloc 		28896 	493984 		23072 		16608
	683 	alloc 		45088 	-1 		23072 		16608
	684 	free 		30752 	0 		53824 		49472
	685 	alloc 		11040 	91552 		42784 		38432
	686 	free 		127584 	0 		170368 		166016
	687 	alloc 		52000 	102592 		118368 		114016
	688 	alloc 		16736 	154592 		101632 		97280
	689 	alloc 		62816 	171328 		38816 		34464
	690 	free 		16736 	0 		55552 		34464
	691 	free 		27296 	0 		82848 		34464
	692 	free 		59232 	0 		142080 		93696
	693 	free 		51552 	0 		193632 		93696
	694 	alloc 		3040 	0 		190592 		93696
	695 	alloc 		56672 	234144 		133920 		54496
	696 	alloc 		31584 	37056 		102336 		37024
	697 	free 		28896 	0 		131232 		37024
	698 	free 		45088 	-1 		131232 		37024
	699 	free 		9760 	0 		140992 		37024
	700 	free 		111456 	0 		252448 		141760
	701 	alloc 		81888 	382528 		170560 		59872
	702 	free 		11040 	0 		181600 		59872
	703 	alloc 		44320 	464416 		137280 		37024
	704 	alloc 		75040 	-1 		137280 		37024
	705 	free 		126816 	-1 		137280 		37024
	706 	free 		54688 	0 		191968 		91712
	707 	alloc 		113376 	-1 		191968 		91712
	708 	free 		44320 	0 		236288 		91712
	709 	alloc 		21472 	3040 		214816 		91712
	710 	alloc 		19744 	68640 		195072 		91712
	711 	free 		52000 	0 		247072 		91712
	712 	free 		3040 	0 		250112 		91712
	713 	alloc 		123936 	-1 		250112 		91712
	714 	alloc 		117664 	-1 		250112 		91712
	715 	free 		81888 	0 		332000 		233472
	716 	free 		62816 	0 		394816 		233472
	717 	alloc 		71712 	88384 		323104 		233472
	718 	free 		113376 	-1 		323104 		233472
	719 	alloc 		31584 	160096 		291520 		233472
	720 	free 		56672 	0 		348192 		332608
	721 	alloc 		114592 	191680 		233600 		218016
	722 	free 		71712 	0 		305312 		218016
	723 	alloc 		608 	0 		304704 		218016
	724 	alloc 		19360 	88384 		285344 		218016
	725 	alloc 		58592 	306272 		226752 		159424
	726 	free 		31584 	0 		258336 		159424
	727 	free 		21472 	0 		279808 		159424
	728 	free 		58592 	0 		338400 		218016
	729 	alloc 		51360 	608 		287040 		218016
	730 	free 		123936 	-1 		287040 		218016
	731 	free 		75040 	-1 		287040 		218016
	732 	free 		19744 	0 		306784 		218016
	733 	alloc 		22112 	51968 		284672 		218016
	734 	alloc 		108960 	306272 		175712 		109056
	735 	alloc 		18016 	107744 		157696 		109056
	736 	alloc 		24864 	125760 		132832 		109056
	737 	alloc 		92064 	415232 		40768 		16992
	738 	free 		108960 	0 		149728 		108960
	739 	alloc 		88800 	306272 		60928 		20160
	740 	free 		114592 	0 		175520 		114592
	741 	alloc 		27296 	191680 		148224 		87296
	742 	free 		31584 	0 		179808 		87296
	743 	free 		117664 	-1 		179808 		87296
	744 	free 		608 	0 		180416 		87296
	745 	free 		88800 	0 		269216 		196256
	746 	alloc 		99040 	218976 		170176 		97216
	747 	free 		19360 	0 		189536 		97216
	748 	free 		22112 	0 		211648 		97216
	749 	alloc 		117920 	-1 		211648 		97216
	750 	free 		99040 	0 		310688 		196256
	751 	free 		92064 	0 		402752 		305312
	752 	free 		18016 	0 		420768 		305312
	753 	alloc 		76064 	218976 		344704 		229248
	754 	free 		51360 	0 		396064 		229248
	755 	alloc 		38816 	0 		357248 		229248
	756 	alloc 		32544 	38816 		324704 		229248
	757 	free 		76064 	0 		400768 		305312
	758 	alloc 		22880 	71360 		377888 		305312
	759 	free 		24864 	0 		402752 		305312
	760 	alloc 		56096 	94240 		346656 		305312
	761 	alloc 		31328 	150336 		315328 		305312
	762 	alloc 		3360 	181664 		311968 		305312
	763 	free 		22880 	0 		334848 		305312
	764 	alloc 		105696 	218976 		229152 		199616
	765 	alloc 		97952 	324672 		131200 		101664
	766 	free 		117920 	-1 		131200 		101664
	767 	free 		27296 	0 		158496 		101664
	768 	alloc 		19808 	71360 		138688 		101664
	769 	alloc 		18272 	185024 		120416 		101664
	770 	alloc 		115680 	-1 		120416 		101664
	771 	alloc 		53984 	422624 		66432 		47680
	772 	free 		115680 	-1 		66432 		47680
	773 	free 		38816 	0 		105248 		47680
	774 	alloc 		112032 	-1 		105248 		47680
	775 	alloc 		5792 	0 		99456 		47680
	776 	free 		31328 	0 		130784 		47680
	777 	free 		32544 	0 		163328 		65568
	778 	free 		5792 	0 		169120 		71360
	779 	alloc 		28384 	0 		140736 		47680
	780 	alloc 		121824 	-1 		140736 		47680
	781 	free 		18272 	0 		159008 		47680
	782 	free 		19808 	0 		178816 		65856
	783 	alloc 		15456 	28384 		163360 		50400
	784 	free 		97952 	0 		261312 		97952
	785 	free 		15456 	0 		276768 		97952
	786 	free 		105696 	0 		382464 		237600
	787 	alloc 		17824 	28384 		364640 		237600
	788 	free 		112032 	-1 		364640 		237600
	789 	alloc 		16736 	46208 		347904 		237600
	790 	free 		56096 	0 		404000 		237600
	791 	free 		3360 	0 		407360 		359680
	792 	alloc 		81376 	62944 		325984 		278304
	793 	alloc 		39328 	144320 		286656 		238976
	794 	alloc 		34592 	183648 		252064 		204384
	795 	free 		53984 	0 		306048 		306048
	796 	alloc 		124896 	218240 		181152 		181152
	797 	free 		39328 	0 		220480 		181152
	798 	alloc 		69856 	343136 		150624 		111296
	799 	alloc 		92640 	412992 		57984 		39328
	800 	free 		28384 	0 		86368 		39328
	801 	free 		16736 	0 		103104 		39328
	802 	alloc 		126624 	-1 		103104 		39328
	803 	alloc 		16864 	0 		86240 		39328
	804 	free 		92640 	0 		178880 		111296
	805 	free 		81376 	0 		260256 		137440
	806 	free 		121824 	-1 		260256 		137440
	807 	alloc 		39520 	46208 		220736 		111296
	808 	alloc 		4128 	16864 		216608 		111296
	809 	free 		16864 	0 		233472 		111296
	810 	free 		17824 	0 		251296 		111296
	811 	alloc 		125984 	-1 		251296 		111296
	812 	alloc 		107040 	412992 		144256 		97920
	813 	alloc 		123808 	-1 		144256 		97920
	814 	alloc 		77088 	85728 		67168 		25216
	815 	free 		123808 	-1 		67168 		25216
	816 	free 		126624 	-1 		67168 		25216
	817 	free 		69856 	0 		137024 		69856
	818 	free 		39520 	0 		176544 		69856
	819 	alloc 		82912 	-1 		176544 		69856
	820 	alloc 		51552 	20992 		124992 		69856
	821 	alloc 		67360 	343136 		57632 		20832
	822 	free 		34592 	0 		92224 		55424
	823 	alloc 		76000 	-1 		92224 		55424
	824 	alloc 		23840 	162816 		68384 		31584
	825 	free 		124896 	0 		193280 		156480
	826 	free 		76000 	-1 		193280 		156480
	827 	alloc 		38112 	186656 		155168 		118368
	828 	alloc 		110112 	224768 		45056 		16864
	829 	free 		67360 	0 		112416 		78112
	830 	free 		110112 	0 		222528 		188224
	831 	free 		4128 	0 		226656 		188224
	832 	alloc 		2656 	0 		224000 		188224
	833 	free 		2656 	0 		226656 		188224
	834 	alloc 		120352 	224768 		106304 		67872
	835 	alloc 		80864 	-1 		106304 		67872
	836 	alloc 		48544 	345120 		57760 		20992
	837 	free 		125984 	-1 		57760 		20992
	838 	alloc 		18784 	0 		38976 		19328
	839 	alloc 		50592 	-1 		38976 		19328
	840 	free 		107040 	0 		146016 		130624
	841 	alloc 		54880 	393664 		91136 		75744
	842 	free 		77088 	0 		168224 		90272
	843 	free 		51552 	0 		219776 		144032
	844 	free 		120352 	0 		340128 		144032
	845 	free 		82912 	-1 		340128 		144032
	846 	alloc 		103264 	18784 		236864 		120352
	847 	alloc 		114464 	224768 		122400 		75744
	848 	free 		103264 	0 		225664 		144032
	849 	alloc 		14112 	18784 		211552 		129920
	850 	free 		48544 	0 		260096 		129920
	851 	alloc 		21344 	32896 		238752 		108576
	852 	free 		114464 	0 		353216 		168896
	853 	free 		80864 	-1 		353216 		168896
	854 	free 		23840 	0 		377056 		168896
	855 	alloc 		56928 	54240 		320128 		168896
	856 	alloc 		126624 	224768 		193504 		75744
	857 	free 		38112 	0 		231616 		113600
	858 	alloc 		63584 	111168 		168032 		75744
	859 	free 		50592 	-1 		168032 		75744
	860 	free 		54880 	0 		222912 		172896
	861 	alloc 		18912 	174752 		204000 		172896
	862 	free 		18784 	0 		222784 		172896
	863 	alloc 		111328 	351392 		111456 		61568
	864 	alloc 		113120 	-1 		111456 		61568
	865 	alloc 		59104 	462720 		52352 		31104
	866 	alloc 		2592 	0 		49760 		31104
	867 	alloc 		800 	2592 		48960 		31104
	868 	free 		18912 	0 		67872 		50016
	869 	alloc 		92832 	-1 		67872 		50016
	870 	alloc 		125088 	-1 		67872 		50016
	871 	alloc 		124128 	-1 		67872 		50016
	872 	free 		800 	0 		68672 		50016
	873 	alloc 		80736 	-1 		68672 		50016
	874 	alloc 		24736 	174752 		43936 		25280
	875 	free 		126624 	0 		170560 		151904
	876 	free 		14112 	0 		184672 		151904
	877 	free 		2592 	0 		187264 		151904
	878 	alloc 		58400 	199488 		128864 		93504
	879 	alloc 		7584 	0 		121280 		93504
	880 	free 		111328 	0 		232608 		204832
	881 	free 		21344 	0 		253952 		204832
	882 	free 		125088 	-1 		253952 		204832
	883 	free 		59104 	0 		313056 		266400
	884 	free 		63584 	0 		376640 		266400
	885 	free 		56928 	0 		433568 		266400
	886 	alloc 		117920 	7584 		315648 		266400
	887 	alloc 		14752 	125504 		300896 		266400
	888 	free 		124128 	-1 		300896 		266400
	889 	free 		7584 	0 		308480 		266400
	890 	free 		58400 	0 		366880 		324800
	891 	free 		113120 	-1 		366880 		324800
	892 	free 		24736 	0 		391616 		384032
	893 	alloc 		107744 	140256 		283872 		276288
	894 	alloc 		57568 	248000 		226304 		218720
	895 	alloc 		160 	0 		226144 		218720
	896 	alloc 		58720 	305568 		167424 		160000
	897 	free 		92832 	-1 		167424 		160000
	898 	alloc 		121440 	364288 		45984 		38560
	899 	free 		80736 	-1 		45984 		38560
	900 	alloc 		38496 	485728 		7488 		7424
	901 	free 		160 	0 		7648 		7584
	902 	alloc 		29344 	-1 		7648 		7584
	903 	free 		117920 	0 		125568 		125504
	904 	free 		14752 	0 		140320 		140256
	905 	alloc 		25120 	0 		115200 		115136
	906 	alloc 		29984 	25120 		85216 		85152
	907 	free 		25120 	0 		110336 		85152
	908 	free 		107744 	0 		218080 		192896
	909 	free 		29984 	0 		248064 		248000
	910 	alloc 		59104 	0 		188960 		188896
	911 	free 		58720 	0 		247680 		188896
	912 	alloc 		77344 	59104 		170336 		111552
	913 	free 		38496 	0 		208832 		111552
	914 	alloc 		25312 	136448 		183520 		86240
	915 	alloc 		14112 	161760 		169408 		72128
	916 	free 		57568 	0 		226976 		188416
	917 	alloc 		42336 	175872 		184640 		146080
	918 	alloc 		18976 	218208 		165664 		127104
	919 	alloc 		68192 	237184 		97472 		58912
	920 	free 		29344 	-1 		97472 		58912
	921 	free 		68192 	0 		165664 		127104
	922 	free 		59104 	0 		224768 		127104
	923 	alloc 		25504 	0 		199264 		127104
	924 	free 		121440 	0 		320704 		287104
	925 	free 		77344 	0 		398048 		287104
	926 	alloc 		4576 	25504 		393472 		287104
	927 	free 		18976 	0 		412448 		306080
	928 	free 		14112 	0 		426560 		306080
	929 	alloc 		126048 	218208 		300512 		180032
	930 	free 		126048 	0 		426560 		306080
	931 	alloc 		34464 	30080 		392096 		306080
	932 	free 		4576 	0 		396672 		306080
	933 	alloc 		22240 	64544 		374432 		306080
	934 	alloc 		30048 	86784 		344384 		306080
	935 	free 		25312 	0 		369696 		306080
	936 	alloc 		68704 	218208 		300992 		237376
	937 	alloc 		60768 	286912 		240224 		176608
	938 	free 		42336 	0 		282560 		176608
	939 	alloc 		126368 	347680 		156192 		101376
	940 	alloc 		110624 	-1 		156192 		101376
	941 	alloc 		57248 	116832 		98944 		50240
	942 	free 		22240 	0 		121184 		50240
	943 	alloc 		3360 	25504 		117824 		50240
	944 	alloc 		110496 	-1 		117824 		50240
	945 	alloc 		90400 	-1 		117824 		50240
	946 	free 		34464 	0 		152288 		57920
	947 	free 		90400 	-1 		152288 		57920
	948 	free 		57248 	0 		209536 		101376
	949 	alloc 		50400 	28864 		159136 		101376
	950 	alloc 		52704 	116832 		106432 		50240
	951 	alloc 		116832 	-1 		106432 		50240
	952 	free 		126368 	0 		232800 		176608
	953 	free 		25504 	0 		258304 		176608
	954 	alloc 		16800 	0 		241504 		176608
	955 	alloc 		101728 	347680 		139776 		74880
	956 	alloc 		37664 	169536 		102112 		74880
	957 	free 		16800 	0 		118912 		74880
	958 	free 		50400 	0 		169312 		74880
	959 	free 		3360 	0 		172672 		86784
	960 	alloc 		30368 	0 		142304 		74880
	961 	free 		110496 	-1 		142304 		74880
	962 	alloc 		32672 	30368 		109632 		74880
	963 	free 		68704 	0 		178336 		79712
	964 	free 		30048 	0 		208384 		79712
	965 	free 		60768 	0 		269152 		140480
	966 	alloc 		41184 	63040 		227968 		140480
	967 	alloc 		75168 	207200 		152800 		74880
	968 	free 		37664 	0 		190464 		74880
	969 	free 		110624 	-1 		190464 		74880
	970 	alloc 		95456 	-1 		190464 		74880
	971 	free 		101728 	0 		292192 		241920
	972 	alloc 		76320 	282368 		215872 		165600
	973 	free 		76320 	0 		292192 		241920
	974 	alloc 		30944 	169536 		261248 		241920
	975 	alloc 		1376 	104224 		259872 		241920
	976 	free 		52704 	0 		312576 		241920
	977 	free 		116832 	-1 		312576 		241920
	978 	alloc 		78880 	282368 		233696 		163040
	979 	free 		30368 	0 		264064 		163040
	980 	alloc 		13536 	0 		250528 		163040
	981 	alloc 		90656 	361248 		159872 		72384
	982 	free 		13536 	0 		173408 		72384
	983 	alloc 		4640 	0 		168768 		72384
	984 	alloc 		87840 	-1 		168768 		72384
	985 	free 		32672 	0 		201440 		72384
	986 	alloc 		26592 	4640 		174848 		72384
	987 	alloc 		42016 	105600 		132832 		72384
	988 	free 		1376 	0 		134208 		72384
	989 	alloc 		119072 	-1 		134208 		72384
	990 	free 		41184 	0 		175392 		74368
	991 	free 		75168 	0 		250560 		81888
	992 	free 		95456 	-1 		250560 		81888
	993 	free 		30944 	0 		281504 		134752
	994 	free 		78880 	0 		360384 		213632
	995 	free 		90656 	0 		451040 		376672
	996 	free 		4640 	0 		455680 		376672
	997 	free 		87840 	-1 		455680 		376672
	998 	free 		26592 	0 		482272 		376672
	999 	free 		42016 	0 		524288 		524288
	1000 	free 		119072 	-1 		524288 		524288
252 Allocations Failed